0.783751 2301
0.783751 2300
0.783751 2299
0.783751 2298
0.783751 2297
0.783751 2296
0.783751 2295
0.783751 2293
0.783683 2292
0.783683 2291
0.783683 2290
0.783683 2289
0.783683 2288
0.783683 2287
0.783683 2285
0.783683 2284
0.783683 2283
0.783570 2283
0.783570 2282
0.783570 2281
0.783570 2280
0.783570 2279
0.783570 2278
0.783570 2277
0.783570 2276
0.783570 2275
0.783570 2274
0.783570 2273
0.783570 2272
0.783570 2271
0.783570 2270
0.783536 2269
0.783536 2268
0.783536 2267
0.783536 2266
0.783473 2265
0.783473 2264
0.783473 2263
0.783473 2262
0.783473 2261
0.783405 2260
0.783405 2259
0.783405 2258
0.783405 2257
0.783405 2256
0.783405 2255
0.783272 2255
0.783272 2254
0.783272 2253
0.783272 2252
0.783272 2251
0.783272 2250
0.783272 2249
0.783272 2248
0.783244 2247
0.783244 2246
0.783109 2246
0.783109 2245
0.783109 2244
0.783109 2243
0.783109 2242
0.783109 2241
0.783109 2240
0.783109 2239
0.783109 2238
0.783109 2237
0.783109 2236
0.783109 2235
0.783109 2234
0.783109 2233
0.783109 2232
0.783109 2231
0.783109 2230
0.783109 2229
0.783109 2228
0.783109 2227
0.783109 2226
0.783109 2225
0.783109 2224
0.783109 2223
0.783109 2222
0.783109 2221
0.783109 2220
0.783109 2219
0.783109 2218
0.783109 2217
0.783109 2216
0.783109 2215
0.783109 2214
0.783109 2213
0.783109 2212
0.783109 2211
0.783109 2210
0.783109 2209
0.783109 2208
0.783109 2207
0.783109 2206
0.783109 2205
0.783109 2204
0.783109 2203
0.783109 2202
0.783109 2201
0.783109 2200
0.783109 2199
0.783109 2198
0.782951 2198
0.782951 2197
0.782951 2196
0.782951 2195
0.782951 2194
0.782873 2193
0.782873 2192
0.782745 2192
0.782745 2191
0.782745 2190
0.782745 2189
0.782745 2188
0.782745 2187
0.782745 2186
0.782745 2185
0.782745 2184
0.782745 2183
0.782745 2182
0.782745 2181
0.782745 2180
0.782745 2179
0.782745 2178
0.782745 2177
0.782745 2176
0.782745 2175
0.782745 2174
0.782745 2173
0.782745 2172
0.782745 2171
0.782745 2170
0.782745 2169
0.782745 2168
0.782745 2167
0.782573 2167
0.782573 2166
0.782573 2165
0.782573 2164
0.782573 2163
0.782508 2162
0.782508 2161
0.782508 2160
0.782508 2159
0.782508 2158
0.782508 2157
0.782508 2156
0.772508 2155
0.772508 2154
0.772508 2153
0.772508 2152
0.772508 2151
0.772508 2150
0.772508 2149
0.772508 2148
0.772508 2147
0.772508 2146
0.772508 2145
0.772508 2144
0.772508 2143
0.772508 2142
0.772508 2141
0.772508 2140
0.772354 2140
0.772354 2139
0.772354 2138
0.772354 2137
0.772354 2136
0.772354 2135
0.772354 2134
0.772354 2133
0.772354 2132
0.772354 2131
0.772354 2130
0.772354 2129
0.772354 2128
0.772354 2127
0.772354 2126
0.772354 2125
0.772354 2124
0.772354 2123
0.772354 2122
0.772354 2121
0.772354 2120
0.772354 2119
0.772354 2118
0.772285 2117
0.772234 2116
0.772234 2115
0.772234 2114
0.772234 2113
0.772234 2112
0.772234 2111
0.772234 2110
0.772234 2109
0.772234 2108
0.772234 2107
0.772234 2106
0.772234 2105
0.772234 2104
0.772234 2103
0.772234 2101
0.772234 2100
0.772234 2099
0.772234 2098
0.772234 2096
0.772234 2095
0.772234 2094
0.772234 2092
0.772234 2090
0.772234 2089
0.772234 2088
0.772234 2087
0.772234 2086
0.772234 2085
0.772112 2085
0.772112 2084
0.772112 2083
0.772112 2082
0.772112 2081
0.772112 2080
0.772112 2079
0.772112 2078
0.772112 2076
0.772112 2075
0.772112 2074
0.772112 2073
0.772112 2072
0.771956 2072
0.771956 2071
0.771956 2070
0.771956 2069
0.771956 2068
0.771956 2067
0.771956 2065
0.771844 2065
0.771844 2064
0.771844 2063
0.771844 2062
0.771844 2061
0.771753 2060
0.771753 2059
0.771753 2058
0.771753 2057
0.771753 2056
0.771753 2055
0.771753 2054
0.771753 2052
0.771753 2051
0.771753 2050
0.771753 2049
0.771753 2048
0.771753 2047
0.771753 2046
0.771616 2046
0.771616 2045
0.771616 2044
0.771616 2043
0.771616 2042
0.771616 2041
0.771616 2040
0.771616 2039
0.771616 2038
0.771616 2037
0.771616 2036
0.771616 2035
0.771616 2034
0.771616 2033
0.771616 2032
0.771616 2031
0.771616 2029
0.771616 2028
0.771616 2026
0.771570 2025
0.771570 2024
0.771570 2023
0.771570 2022
0.771570 2021
0.771570 2020
0.771570 2019
0.771570 2017
0.771499 2017
0.771499 2016
0.771499 2015
0.771499 2013
0.771499 2012
0.771499 2011
0.771499 2010
0.771499 2009
0.771499 2008
0.771499 2007
0.771499 2006
0.771499 2005
0.771499 2004
0.771499 2003
0.771499 2002
0.771499 2001
0.771499 2000
0.771499 1999
0.771499 1998
0.771499 1997
0.771499 1996
0.771499 1995
0.771499 1994
0.771499 1993
0.771499 1992
0.771499 1991
0.771499 1990
0.771499 1989
0.771499 1988
0.771499 1987
0.771499 1986
0.771499 1985
0.771499 1984
0.771499 1983
0.771499 1982
0.771499 1981
0.771499 1980
0.771402 1980
0.771402 1978
0.771402 1977
0.771331 1976
0.771331 1975
0.771331 1974
0.771331 1973
0.771331 1972
0.771331 1971
0.771331 1970
0.771331 1968
0.771331 1967
0.771331 1966
0.771331 1965
0.771331 1964
0.771331 1963
0.771331 1962
0.771331 1961
0.771331 1960
0.771331 1959
0.771331 1958
0.771217 1958
0.771217 1957
0.771217 1956
0.771217 1955
0.771217 1954
0.771217 1953
0.771062 1952
0.771062 1951
0.761062 1950
0.761062 1949
0.761062 1948
0.761062 1947
0.760937 1947
0.760937 1946
0.760937 1945
0.760937 1944
0.760937 1943
0.760937 1942
0.760937 1941
0.760937 1940
0.760937 1939
0.760937 1938
0.760937 1937
0.760937 1936
0.760937 1935
0.760937 1934
0.760852 1933
0.760852 1932
0.760852 1931
0.760852 1930
0.760852 1929
0.760852 1928
0.760852 1927
0.760852 1926
0.760852 1924
0.760852 1923
0.760852 1922
0.760852 1921
0.760852 1920
0.760852 1919
0.760852 1918
0.760852 1917
0.760852 1916
0.760852 1915
0.760852 1914
0.760852 1913
0.760852 1912
0.760852 1911
0.760852 1910
0.760852 1909
0.760852 1908
0.760852 1907
0.760852 1906
0.760852 1905
0.760852 1904
0.760801 1903
0.760801 1902
0.760801 1901
0.760801 1900
0.760801 1899
0.760801 1898
0.760801 1897
0.760801 1896
0.760801 1895
0.760801 1894
0.760801 1893
0.760801 1892
0.760801 1891
0.760801 1890
0.760801 1889
0.760801 1888
0.760801 1887
0.760801 1886
0.760801 1885
0.760801 1884
0.760801 1883
0.760801 1882
0.760801 1881
0.760801 1880
0.760801 1879
0.760801 1878
0.760801 1877
0.760801 1876
0.760801 1875
0.760801 1874
0.760801 1873
0.760801 1872
0.760801 1871
0.760801 1870
0.760801 1869
0.760801 1868
0.760801 1867
0.760801 1866
0.760801 1865
0.760801 1864
0.760801 1862
0.760801 1861
0.760801 1860
0.760801 1859
0.760801 1858
0.760801 1857
0.760757 1856
0.760757 1855
0.760757 1854
0.760757 1853
0.760757 1852
0.760757 1851
0.760757 1850
0.760757 1849
0.760757 1848
0.760757 1847
0.760757 1846
0.760757 1845
0.760757 1844
0.760757 1843
0.760757 1841
0.760757 1840
0.760757 1839
0.760757 1838
0.760757 1837
0.760757 1835
0.760757 1834
0.760601 1834
0.760601 1833
0.760601 1832
0.760601 1831
0.760601 1830
0.760601 1829
0.760476 1829
0.760476 1828
0.760476 1827
0.760476 1826
0.760476 1825
0.760295 1824
0.760295 1823
0.760295 1822
0.760295 1821
0.760295 1820
0.760295 1819
0.760295 1818
0.760295 1817
0.760295 1815
0.760176 1815
0.760094 1814
0.760094 1813
0.760094 1812
0.760094 1811
0.760094 1810
0.760094 1808
0.760094 1806
0.759995 1806
0.759995 1805
0.759995 1804
0.759995 1803
0.759995 1802
0.759995 1801
0.759995 1800
0.759995 1799
0.759995 1797
0.759995 1796
0.759995 1795
0.759995 1794
0.759995 1793
0.759995 1791
0.759995 1790
0.759995 1789
0.759995 1788
0.759995 1787
0.759995 1786
0.759995 1785
0.759995 1784
0.759995 1783
0.759995 1782
0.759995 1780
0.759995 1779
0.759995 1778
0.759995 1777
0.759995 1776
0.759995 1775
0.759995 1774
0.759995 1773
0.759995 1772
0.759995 1771
0.759995 1770
0.759995 1769
0.759995 1768
0.759995 1767
0.759995 1766
0.759995 1765
0.759995 1764
0.759995 1763
0.759995 1762
0.759995 1761
0.759995 1760
0.759995 1759
0.759995 1758
0.759995 1757
0.759995 1756
0.759995 1755
0.759995 1754
0.759995 1753
0.759995 1752
0.759995 1751
0.759995 1750
0.759995 1749
0.759995 1748
0.759995 1747
0.759995 1746
0.759995 1745
0.759995 1744
0.759995 1742
0.759995 1741
0.759995 1740
0.759995 1739
0.759995 1738
0.759995 1737
0.759995 1736
0.759995 1735
0.759995 1734
0.759995 1733
0.759995 1732
0.759995 1731
0.759995 1730
0.759995 1729
0.759995 1728
0.759995 1727
0.759859 1727
0.759859 1726
0.759859 1725
0.759859 1724
0.759859 1723
0.759859 1722
0.759859 1721
0.759859 1720
0.759743 1720
0.759743 1719
0.759743 1718
0.759743 1717
0.759743 1716
0.759743 1715
0.759743 1714
0.759743 1713
0.759743 1712
0.759743 1711
0.759688 1710
0.759688 1709
0.759688 1707
0.759688 1706
0.759688 1705
0.759688 1704
0.759688 1703
0.759688 1702
0.759688 1701
0.759688 1700
0.759688 1699
0.759688 1698
0.759688 1697
0.759688 1696
0.759688 1695
0.759688 1694
0.759688 1693
0.759688 1691
0.759688 1690
0.759688 1689
0.759688 1688
0.759591 1688
0.759591 1687
0.759591 1686
0.759591 1685
0.759591 1684
0.759591 1683
0.759591 1682
0.759591 1681
0.759591 1680
0.759591 1679
0.759591 1678
0.759452 1678
0.759452 1677
0.759452 1676
0.759452 1675
0.759296 1675
0.759296 1674
0.759296 1673
0.759296 1672
0.759296 1671
0.759282 1670
0.759282 1669
0.759282 1668
0.759282 1667
0.759282 1666
0.759282 1665
0.759282 1664
0.759282 1663
0.759282 1662
0.759282 1661
0.759282 1660
0.759282 1659
0.759282 1658
0.759282 1657
0.759282 1656
0.759189 1655
0.759040 1655
0.759040 1654
0.759040 1653
0.759040 1652
0.759040 1651
0.759040 1650
0.759040 1649
0.759040 1648
0.759040 1647
0.759040 1646
0.758932 1646
0.758932 1645
0.758932 1644
0.758932 1643
0.758932 1642
0.758932 1641
0.758932 1640
0.758932 1639
0.758932 1638
0.758932 1637
0.758932 1636
0.758932 1635
0.758932 1633
0.758932 1632
0.758932 1631
0.758932 1630
0.758932 1629
0.758932 1628
0.758932 1627
0.758932 1626
0.758932 1625
0.758932 1624
0.758932 1623
0.758932 1622
0.758932 1621
0.758932 1620
0.758932 1619
0.758932 1618
0.758932 1617
0.758884 1616
0.758884 1615
0.758884 1614
0.758884 1613
0.758884 1612
0.758884 1611
0.758884 1610
0.758884 1607
0.758884 1606
0.758884 1605
0.758884 1604
0.758884 1603
0.758884 1602
0.758884 1601
0.758884 1600
0.758884 1599
0.758884 1598
0.758884 1597
0.758884 1596
0.758884 1595
0.758884 1594
0.758884 1593
0.758879 1592
0.758879 1591
0.758879 1590
0.758879 1589
0.758879 1588
0.758879 1587
0.758879 1586
0.758879 1585
0.758879 1583
0.758879 1581
0.758789 1580
0.758789 1579
0.758789 1578
0.758624 1578
0.758624 1577
0.758624 1575
0.758624 1574
0.758624 1573
0.758624 1572
0.758624 1571
0.758491 1571
0.758484 1570
0.758484 1569
0.758484 1568
0.758484 1567
0.758484 1566
0.758361 1566
0.758361 1565
0.758361 1564
0.758361 1563
0.758187 1563
0.758187 1561
0.758187 1560
0.758187 1558
0.758064 1558
0.758064 1557
0.758064 1555
0.758064 1554
0.758064 1553
0.758064 1552
0.758064 1551
0.758064 1550
0.758064 1549
0.758064 1548
0.758064 1547
0.758064 1546
0.758064 1545
0.758064 1544
0.758064 1543
0.758064 1542
0.758064 1541
0.758064 1540
0.757946 1540
0.757946 1539
0.757946 1538
0.757946 1537
0.757946 1536
0.757946 1535
0.757946 1534
0.757876 1533
0.757876 1532
0.757876 1531
0.757876 1530
0.757876 1529
0.757876 1528
0.757743 1528
0.757743 1527
0.757743 1526
0.757743 1525
0.757743 1524
0.757743 1523
0.757743 1522
0.757743 1521
0.757743 1520
0.757743 1519
0.757743 1518
0.757743 1517
0.757743 1515
0.757701 1514
0.757701 1513
0.757701 1512
0.757701 1511
0.757701 1510
0.757701 1508
0.757701 1507
0.757701 1506
0.757701 1505
0.757701 1504
0.757701 1503
0.757701 1502
0.757701 1501
0.757701 1500
0.757701 1499
0.757701 1498
0.757701 1497
0.757701 1496
0.757701 1495
0.757701 1494
0.757701 1493
0.757701 1492
0.757562 1492
0.757562 1491
0.757562 1490
0.757562 1489
0.757562 1488
0.757562 1487
0.757562 1486
0.757562 1485
0.757562 1484
0.757562 1482
0.757562 1481
0.757562 1480
0.757562 1479
0.757562 1478
0.757562 1477
0.757562 1476
0.757562 1475
0.757562 1474
0.757562 1473
0.757562 1472
0.757562 1471
0.757562 1470
0.757562 1469
0.757562 1468
0.757562 1467
0.757562 1466
0.757562 1465
0.757562 1464
0.757562 1463
0.757562 1462
0.757562 1461
0.757562 1460
0.757562 1459
0.757562 1458
0.757562 1457
0.757562 1456
0.757562 1455
0.757562 1454
0.757562 1453
0.757562 1452
0.757562 1451
0.757562 1450
0.757390 1450
0.757390 1449
0.757390 1448
0.757390 1447
0.757390 1446
0.757390 1445
0.757230 1445
0.757230 1444
0.757230 1443
0.757230 1442
0.757230 1441
0.757230 1440
0.757230 1439
0.757230 1437
0.757230 1436
0.757230 1434
0.757230 1433
0.757230 1432
0.757230 1430
0.757230 1429
0.757230 1428
0.757230 1427
0.757230 1426
0.757230 1425
0.757230 1424
0.757230 1423
0.757230 1422
0.757230 1421
0.757230 1420
0.757230 1419
0.757230 1418
0.757230 1417
0.757230 1416
0.757230 1415
0.757230 1414
0.757230 1413
0.757230 1412
0.757230 1411
0.757115 1411
0.757115 1410
0.757115 1409
0.757115 1408
0.757115 1407
0.757115 1406
0.757115 1405
0.757115 1404
0.757115 1403
0.757115 1402
0.757115 1401
0.757115 1400
0.757115 1399
0.757115 1398
0.757115 1397
0.757115 1396
0.757115 1395
0.757115 1394
0.757115 1393
0.757115 1392
0.757115 1391
0.757115 1390
0.757115 1389
0.757115 1388
0.757115 1387
0.757115 1386
0.757115 1385
0.757115 1384
0.757115 1383
0.757115 1382
0.757115 1381
0.757115 1380
0.757115 1379
0.757115 1378
0.757115 1377
0.757028 1376
0.757028 1374
0.757028 1373
0.757028 1372
0.757028 1371
0.757028 1370
0.757028 1369
0.757028 1368
0.757028 1367
0.757028 1366
0.757028 1365
0.757028 1364
0.757028 1363
0.757028 1362
0.757028 1361
0.757028 1360
0.757028 1359
0.756998 1358
0.756998 1357
0.756998 1356
0.756841 1356
0.756841 1355
0.756841 1354
0.756841 1353
0.756841 1352
0.756841 1351
0.756841 1350
0.756841 1349
0.756841 1348
0.756841 1347
0.756841 1346
0.756841 1345
0.756841 1344
0.756841 1343
0.756841 1342
0.756841 1341
0.756841 1340
0.756841 1339
0.756841 1338
0.756841 1337
0.756841 1336
0.756841 1335
0.756841 1334
0.756841 1332
0.756841 1331
0.756841 1330
0.756841 1329
0.756841 1328
0.756841 1327
0.756841 1326
0.756841 1325
0.756841 1324
0.756841 1323
0.756711 1323
0.756711 1322
0.756711 1321
0.756711 1320
0.756711 1319
0.756697 1317
0.756697 1316
0.756697 1315
0.756697 1314
0.756697 1313
0.756593 1313
0.756593 1312
0.756593 1311
0.756593 1310
0.756593 1309
0.756593 1308
0.756593 1307
0.756593 1306
0.756465 1306
0.756465 1305
0.756465 1304
0.756465 1302
0.756465 1301
0.756374 1300
0.756374 1299
0.756374 1298
0.756373 1297
0.756373 1296
0.756373 1295
0.756373 1294
0.756373 1293
0.756373 1292
0.756373 1291
0.756373 1290
0.756373 1289
0.756260 1289
0.756260 1288
0.756260 1287
0.756109 1287
0.756109 1286
0.756109 1285
0.756109 1284
0.756109 1283
0.756109 1282
0.756109 1281
0.756109 1280
0.756109 1279
0.756109 1278
0.756109 1277
0.756109 1276
0.756109 1275
0.756109 1274
0.756109 1273
0.755995 1273
0.755995 1272
0.755995 1271
0.755995 1270
0.755995 1269
0.755995 1268
0.755995 1267
0.755995 1266
0.755995 1265
0.755995 1264
0.755995 1263
0.755995 1262
0.755995 1261
0.755995 1259
0.755995 1258
0.755995 1257
0.755995 1256
0.755995 1255
0.755890 1255
0.755890 1254
0.755890 1253
0.755890 1252
0.755890 1251
0.755855 1249
0.755855 1248
0.755855 1247
0.755855 1246
0.755855 1245
0.755855 1244
0.755855 1243
0.755737 1243
0.755737 1242
0.755618 1241
0.755618 1240
0.755618 1239
0.755618 1238
0.755618 1237
0.755618 1236
0.755618 1235
0.755618 1234
0.755618 1233
0.755618 1232
0.755507 1232
0.755507 1231
0.755493 1230
0.755493 1229
0.755493 1228
0.755493 1227
0.755493 1226
0.755493 1225
0.755488 1224
0.755488 1223
0.755488 1221
0.755488 1220
0.755488 1219
0.755488 1218
0.755488 1217
0.755488 1216
0.755488 1215
0.755488 1214
0.755488 1213
0.755488 1212
0.755488 1211
0.755488 1210
0.755488 1209
0.755488 1208
0.755488 1207
0.755323 1207
0.755323 1206
0.755323 1205
0.755323 1204
0.755323 1203
0.755275 1202
0.755275 1201
0.755230 1200
0.755230 1199
0.755230 1198
0.755230 1197
0.755230 1196
0.755230 1195
0.755230 1194
0.755230 1193
0.755230 1191
0.755230 1190
0.755230 1189
0.755111 1189
0.755111 1188
0.755111 1187
0.755111 1186
0.755111 1185
0.755111 1184
0.755111 1183
0.755111 1182
0.755111 1181
0.755111 1180
0.755111 1179
0.755111 1178
0.755009 1178
0.755009 1177
0.755009 1175
0.755009 1174
0.755009 1173
0.755009 1172
0.755009 1171
0.755009 1170
0.755009 1169
0.755009 1168
0.755009 1167
0.755009 1166
0.755009 1165
0.755009 1164
0.755009 1163
0.755009 1162
0.755009 1161
0.755009 1160
0.755009 1159
0.755009 1158
0.755009 1157
0.755009 1156
0.755009 1155
0.755009 1154
0.755009 1153
0.755009 1152
0.754847 1152
0.754847 1151
0.754847 1150
0.754711 1150
0.754568 1150
0.754568 1149
0.754568 1148
0.754445 1148
0.754445 1147
0.754445 1146
0.754445 1145
0.754445 1144
0.754445 1143
0.754295 1143
0.754295 1142
0.754295 1141
0.754295 1140
0.754295 1139
0.754295 1138
0.754295 1137
0.754295 1136
0.754295 1135
0.754168 1135
0.754168 1134
0.754168 1133
0.754168 1132
0.754168 1131
0.754168 1130
0.754168 1129
0.754168 1128
0.754010 1128
0.753860 1128
0.753860 1127
0.753860 1126
0.753860 1125
0.753860 1124
0.753775 1123
0.753775 1122
0.753775 1121
0.753775 1120
0.753775 1119
0.753775 1118
0.753775 1117
0.753775 1116
0.753775 1115
0.753775 1114
0.753775 1113
0.753775 1112
0.753775 1111
0.753775 1110
0.753775 1109
0.753775 1108
0.753775 1107
0.753775 1106
0.753775 1105
0.753775 1104
0.753775 1103
0.753775 1102
0.753775 1101
0.753775 1100
0.753775 1099
0.753775 1098
0.753775 1097
0.753775 1096
0.753775 1095
0.753775 1094
0.753775 1093
0.753775 1092
0.753775 1091
0.753775 1090
0.753775 1089
0.753775 1088
0.753775 1087
0.753775 1086
0.753775 1085
0.753775 1084
0.753775 1083
0.753775 1082
0.753775 1081
0.753775 1080
0.753775 1079
0.753775 1078
0.753775 1077
0.753775 1076
0.753775 1075
0.753775 1074
0.753775 1072
0.753775 1071
0.753775 1070
0.753775 1069
0.753739 1067
0.753739 1066
0.753644 1065
0.753644 1064
0.753572 1063
0.753572 1062
0.753572 1061
0.753572 1060
0.753572 1059
0.753572 1058
0.753476 1057
0.753476 1056
0.753476 1055
0.753476 1054
0.753476 1053
0.753326 1053
0.753326 1052
0.753326 1051
0.753326 1050
0.753326 1049
0.753326 1048
0.753326 1047
0.753326 1046
0.753326 1045
0.753326 1044
0.753326 1043
0.753326 1042
0.753326 1041
0.753221 1041
0.753221 1040
0.753221 1039
0.753221 1038
0.753221 1037
0.753221 1036
0.753221 1035
0.753221 1034
0.753221 1033
0.753221 1032
0.753221 1031
0.753221 1030
0.753221 1029
0.753221 1028
0.753045 1028
0.753045 1027
0.753045 1026
0.753000 1025
0.753000 1024
0.753000 1023
0.753000 1022
0.753000 1021
0.753000 1020
0.752887 1020
0.752887 1019
0.752887 1018
0.752887 1017
0.752887 1016
0.752887 1015
0.752887 1014
0.752887 1012
0.752887 1011
0.752887 1010
0.752887 1009
0.752887 1008
0.752887 1007
0.752887 1006
0.752887 1005
0.752887 1004
0.752887 1003
0.752887 1002
0.752887 1001
0.752811 1000
0.752811 999
0.752811 998
0.752811 997
0.752811 996
0.752811 995
0.752811 994
0.752811 993
0.752811 992
0.752811 991
0.752811 990
0.752811 989
0.752695 989
0.752695 988
0.752695 987
0.752695 986
0.752695 985
0.752695 984
0.752695 983
0.752695 982
0.752695 980
0.752695 979
0.752695 978
0.752695 977
0.752695 976
0.752695 975
0.752695 974
0.752695 973
0.752695 972
0.752695 971
0.752695 970
0.752695 969
0.752695 968
0.752607 967
0.752607 966
0.752607 965
0.752582 964
0.752582 963
0.752582 962
0.752582 961
0.752488 960
0.752488 959
0.752488 958
0.752488 957
0.752488 956
0.752488 955
0.752488 954
0.752488 953
0.752440 952
0.752440 951
0.752268 951
0.752268 950
0.752268 948
0.752268 947
0.752268 946
0.752268 945
0.752268 944
0.752268 943
0.752268 942
0.752268 941
0.752268 940
0.752268 939
0.752176 938
0.752176 937
0.752176 936
0.752176 935
0.752176 934
0.752176 933
0.752176 932
0.752176 931
0.752176 930
0.752176 929
0.752176 928
0.752176 927
0.752042 927
0.751874 927
0.751874 926
0.751874 925
0.751874 924
0.751874 923
0.751874 922
0.751874 921
0.751874 920
0.751874 919
0.751874 918
0.751874 917
0.751722 917
0.751656 916
0.751656 915
0.751656 914
0.751656 913
0.751656 912
0.751656 910
0.751656 909
0.751656 908
0.751492 908
0.751492 907
0.751492 906
0.751492 905
0.751492 904
0.751492 902
0.751492 901
0.751492 900
0.751492 899
0.751492 897
0.751492 896
0.751492 895
0.751492 894
0.751492 893
0.751492 892
0.751492 891
0.751492 890
0.751492 889
0.751492 888
0.751492 887
0.751492 886
0.751492 885
0.751387 885
0.751387 884
0.751387 883
0.751387 882
0.751387 881
0.751387 880
0.751387 879
0.751387 878
0.751387 877
0.751387 876
0.751234 876
0.751054 876
0.751054 875
0.750910 875
0.750910 874
0.750910 872
0.750910 871
0.750910 870
0.750910 869
0.750910 868
0.750910 867
0.750910 866
0.750910 865
0.750910 864
0.750910 863
0.750900 862
0.750900 861
0.750900 860
0.750900 859
0.750900 858
0.750900 856
0.750734 856
0.750734 855
0.750734 854
0.750734 853
0.750734 852
0.750734 850
0.750734 849
0.750734 848
0.750734 847
0.750734 846
0.750734 845
0.750734 844
0.750734 843
0.750734 842
0.750566 842
0.750566 841
0.750566 840
0.750566 839
0.750566 838
0.750566 837
0.750566 836
0.750566 835
0.750566 834
0.750394 834
0.750394 833
0.750394 832
0.750394 831
0.750349 830
0.750349 829
0.750349 828
0.750349 827
0.750349 826
0.750349 825
0.750349 824
0.750349 823
0.750349 822
0.750247 822
0.750247 821
0.750247 820
0.750247 819
0.750137 819
0.750137 818
0.750137 817
0.750137 816
0.750137 815
0.750137 813
0.750137 812
0.750137 811
0.750137 810
0.750137 809
0.750099 808
0.750099 807
0.750134 805
0.750134 804
0.749963 804
0.749892 803
0.749892 802
0.749786 802
0.749786 801
0.749786 800
0.749786 799
0.749786 798
0.749786 797
0.749786 796
0.749786 795
0.749756 794
0.749756 793
0.749644 793
0.749644 792
0.749644 791
0.749644 790
0.749517 790
0.749517 789
0.749517 788
0.749517 787
0.749517 786
0.749517 785
0.749517 784
0.749517 783
0.749517 782
0.749517 781
0.749517 780
0.749517 779
0.749517 778
0.749418 778
0.749418 777
0.749418 776
0.749418 775
0.749418 774
0.749418 773
0.749418 772
0.749418 771
0.749418 770
0.749256 770
0.749135 770
0.748969 770
0.748969 769
0.748969 768
0.748969 767
0.748910 766
0.748910 765
0.748910 764
0.748910 763
0.748895 762
0.748895 761
0.748782 761
0.748782 760
0.748782 759
0.748782 758
0.748782 757
0.748782 756
0.748633 756
0.748532 756
0.748532 755
0.748532 754
0.748532 752
0.748532 751
0.748532 750
0.748532 749
0.748532 748
0.748532 747
0.748381 747
0.748381 746
0.748381 745
0.748381 744
0.748381 743
0.748381 742
0.748381 741
0.748310 740
0.748259 739
0.748259 738
0.748259 737
0.748259 736
0.748259 735
0.748259 734
0.748259 733
0.748259 732
0.748259 731
0.748114 731
0.748114 730
0.748059 729
0.748059 728
0.748059 727
0.748059 726
0.748059 725
0.748059 724
0.748059 723
0.748059 722
0.748059 721
0.748059 720
0.747882 720
0.747882 719
0.747757 719
0.747757 718
0.747757 717
0.747757 716
0.747757 715
0.747757 714
0.747757 713
0.747757 712
0.747757 711
0.747757 710
0.747757 709
0.747757 708
0.747757 707
0.747757 706
0.747757 705
0.747757 704
0.747757 703
0.747757 702
0.747757 701
0.747757 700
0.747757 699
0.747757 698
0.747757 697
0.747757 696
0.747757 695
0.747623 695
0.747623 694
0.747623 693
0.747492 693
0.747492 692
0.747492 691
0.747492 690
0.747492 689
0.747492 688
0.747492 687
0.747492 686
0.747492 685
0.747492 684
0.747443 683
0.747443 682
0.747443 681
0.747443 680
0.747335 680
0.747335 679
0.747335 678
0.747335 677
0.747335 676
0.747335 675
0.747277 674
0.747277 673
0.747277 672
0.747277 671
0.747277 670
0.747277 669
0.747277 668
0.747277 667
0.747277 666
0.747277 665
0.747277 664
0.747277 663
0.747277 662
0.747277 661
0.747277 660
0.747277 659
0.747277 657
0.747277 656
0.747277 655
0.747277 654
0.747277 653
0.747277 652
0.747277 651
0.747277 650
0.747277 649
0.747277 648
0.747154 648
0.747154 647
0.747154 646
0.747154 645
0.747154 644
0.747003 644
0.747003 643
0.747003 642
0.747003 641
0.747003 640
0.747003 639
0.747003 638
0.747003 637
0.747003 636
0.746981 634
0.746981 633
0.746981 632
0.746981 631
0.746979 630
0.746979 629
0.746979 627
0.746818 627
0.746818 626
0.746696 626
0.746696 625
0.746550 625
0.746550 624
0.746550 623
0.746550 622
0.746550 621
0.746550 620
0.746550 619
0.746550 618
0.746550 617
0.746550 616
0.746550 615
0.746400 615
0.746281 615
0.746281 614
0.746281 613
0.746281 612
0.746281 611
0.746120 611
0.746063 610
0.745967 609
0.745967 608
0.745967 607
0.745912 606
0.745912 605
0.745912 603
0.745774 603
0.745774 602
0.745616 601
0.745616 600
0.745616 599
0.745616 598
0.745616 597
0.745616 596
0.745518 596
0.745518 595
0.745518 594
0.745518 593
0.745415 593
0.745415 592
0.745415 591
0.745415 590
0.745415 589
0.745415 588
0.745319 587
0.745319 586
0.745319 585
0.745319 584
0.745319 583
0.745319 582
0.745177 582
0.745177 581
0.745177 580
0.745177 579
0.745177 578
0.745177 577
0.745039 577
0.745039 576
0.744875 576
0.744875 575
0.744875 574
0.744875 573
0.744875 572
0.744875 571
0.744875 570
0.744875 569
0.744749 569
0.744749 568
0.744749 567
0.744625 567
0.744625 566
0.744461 566
0.744461 565
0.744461 564
0.744461 563
0.744461 562
0.744454 561
0.744454 560
0.744454 559
0.744454 558
0.744454 557
0.744454 556
0.744294 556
0.744150 556
0.744150 555
0.744150 554
0.744150 553
0.744150 552
0.744150 551
0.744150 550
0.744150 549
0.744150 548
0.743987 548
0.743987 547
0.743987 546
0.743987 545
0.743987 544
0.743987 543
0.743987 542
0.743987 541
0.743987 540
0.743987 539
0.743987 538
0.743987 537
0.743987 536
0.743987 535
0.743987 534
0.743849 534
0.743849 533
0.743773 532
0.743773 531
0.743773 530
0.743618 530
0.743618 529
0.743537 528
0.743537 527
0.743387 527
0.743387 526
0.743387 525
0.743387 524
0.743387 523
0.743387 522
0.743387 521
0.743387 520
0.743387 519
0.743387 518
0.743387 516
0.743259 516
0.743259 515
0.743259 514
0.743256 513
0.743256 512
0.743256 511
0.743256 510
0.743256 509
0.743256 508
0.743256 507
0.743114 507
0.743114 506
0.743114 505
0.743114 504
0.743114 503
0.743114 502
0.743108 501
0.743108 500
0.743108 499
0.743108 498
0.743108 497
0.743009 497
0.743009 496
0.742997 495
0.742997 494
0.742997 493
0.742997 492
0.742997 491
0.742896 491
0.742769 491
0.742769 490
0.742769 489
0.742769 488
0.742684 487
0.742684 486
0.742540 486
0.742540 485
0.742540 484
0.742540 483
0.742540 482
0.742540 481
0.742540 480
0.742540 479
0.742540 478
0.742540 477
0.742540 476
0.742540 475
0.742540 474
0.742540 473
0.742540 472
0.742540 471
0.742440 471
0.742440 470
0.742440 469
0.742440 468
0.742440 467
0.742440 466
0.742440 465
0.742440 464
0.742440 463
0.742440 462
0.742440 461
0.742440 460
0.742440 459
0.742440 458
0.742440 457
0.742440 456
0.742303 456
0.742303 455
0.742303 454
0.742303 453
0.742152 453
0.742014 453
0.742014 452
0.741861 452
0.741706 452
0.741582 452
0.741582 451
0.741582 450
0.741582 449
0.741582 448
0.741582 447
0.741434 447
0.741372 445
0.741372 444
0.741345 443
0.741345 442
0.741345 441
0.741345 440
0.741345 439
0.741345 438
0.741345 437
0.741345 436
0.741345 435
0.741345 434
0.741345 433
0.741345 432
0.741345 431
0.741345 430
0.741345 429
0.741345 428
0.741345 427
0.741174 427
0.741174 426
0.741174 424
0.741042 423
0.740888 422
0.740888 421
0.740888 420
0.740741 420
0.740741 419
0.740741 418
0.740741 417
0.740741 416
0.740563 416
0.740563 415
0.740563 414
0.740563 413
0.740416 413
0.740416 412
0.740416 411
0.740416 410
0.740416 409
0.740416 408
0.740416 407
0.740416 406
0.740416 405
0.740255 405
0.740163 404
0.740054 404
0.740054 403
0.740054 402
0.739984 401
0.739984 400
0.739984 399
0.739984 398
0.739984 397
0.739984 396
0.739984 395
0.739984 394
0.739811 394
0.739811 393
0.739811 392
0.739811 391
0.739811 390
0.739811 389
0.739811 388
0.739811 387
0.739811 386
0.739811 385
0.739763 384
0.739763 383
0.739763 382
0.739763 381
0.739592 381
0.739592 380
0.739592 379
0.739592 378
0.739592 377
0.739592 376
0.739592 375
0.739592 374
0.739592 373
0.739445 373
0.739445 372
0.739445 371
0.739445 370
0.739445 369
0.739445 368
0.739325 368
0.739177 368
0.739177 367
0.739177 366
0.739177 365
0.739027 365
0.739027 364
0.739027 363
0.739027 362
0.739027 361
0.739027 360
0.739027 359
0.739011 358
0.738877 358
0.738836 357
0.738836 356
0.738836 355
0.738693 355
0.738693 354
0.738693 353
0.738693 352
0.738693 351
0.738628 350
0.738628 349
0.738628 348
0.738628 347
0.738628 346
0.738628 345
0.738484 345
0.738484 344
0.738483 343
0.738483 342
0.738483 341
0.738483 340
0.738471 339
0.738471 338
0.738471 337
0.738471 336
0.738306 336
0.738159 336
0.738159 335
0.738159 334
0.738150 333
0.738073 332
0.738073 331
0.738073 330
0.738073 329
0.738073 328
0.738073 327
0.737955 327
0.737955 326
0.737822 326
0.737822 325
0.737822 324
0.737822 323
0.737822 322
0.737822 321
0.737822 320
0.737822 319
0.737822 318
0.737822 317
0.737822 316
0.737822 315
0.737821 314
0.737738 313
0.737738 312
0.737738 311
0.737738 310
0.737738 309
0.737606 309
0.737606 308
0.737606 307
0.737606 306
0.737556 305
0.737512 304
0.737512 303
0.737512 302
0.737512 301
0.737512 300
0.737362 300
0.737362 299
0.737362 298
0.737269 297
0.737269 296
0.737245 295
0.737245 294
0.737245 293
0.737245 292
0.737245 291
0.737245 290
0.737094 290
0.737094 289
0.736945 289
0.736945 288
0.736799 288
0.736799 287
0.736649 287
0.736649 286
0.736548 286
0.736438 286
0.736438 285
0.736438 284
0.736438 283
0.736438 282
0.736298 282
0.736212 282
0.736212 281
0.736212 280
0.736060 280
0.736060 279
0.735949 279
0.735783 279
0.735783 278
0.735783 277
0.735783 276
0.735773 275
0.735773 274
0.735773 273
0.735773 272
0.735773 271
0.735682 270
0.735682 269
0.735682 268
0.735682 267
0.735569 267
0.735569 266
0.735502 265
0.735502 264
0.735348 264
0.735348 263
0.735348 262
0.735348 261
0.735348 260
0.735181 260
0.735181 259
0.735181 258
0.735181 257
0.735181 256
0.735016 256
0.734935 255
0.734935 254
0.734935 253
0.734935 252
0.734806 252
0.734806 251
0.734806 250
0.734806 249
0.734806 248
0.734670 248
0.734518 248
0.734518 247
0.734432 246
0.734315 246
0.734315 245
0.734315 244
0.734315 243
0.734315 242
0.734315 241
0.734315 240
0.734154 240
0.734010 240
0.734010 239
0.734010 238
0.734010 237
0.733853 237
0.733853 236
0.733853 235
0.733853 234
0.733853 233
0.733853 232
0.733853 231
0.733853 230
0.733853 229
0.733853 228
0.733847 227
0.733847 226
0.733847 225
0.733847 224
0.733847 223
0.733847 222
0.733687 222
0.733628 221
0.733464 221
0.733464 220
0.733344 220
0.733195 220
0.733195 219
0.733195 218
0.733195 217
0.733086 217
0.733086 216
0.732924 216
0.732924 215
0.732786 215
0.732608 215
0.732472 215
0.732472 214
0.732472 213
0.732472 212
0.732339 212
0.732170 212
0.732170 211
0.732170 210
0.732170 209
0.732170 208
0.732170 207
0.732170 206
0.732033 206
0.731897 206
0.731897 205
0.731897 204
0.731897 203
0.731897 202
0.731897 201
0.731897 200
0.731897 199
0.731897 198
0.731897 197
0.731778 197
0.731778 196
0.731778 195
0.731778 194
0.731620 194
0.731620 193
0.731620 192
0.731620 191
0.731459 191
0.731459 190
0.731459 189
0.731299 189
0.731299 188
0.731206 187
0.731206 186
0.731206 185
0.731069 185
0.731069 184
0.731069 183
0.731069 182
0.731000 181
0.731000 180
0.731000 179
0.731000 178
0.730839 178
0.730839 177
0.730839 176
0.730688 176
0.730688 175
0.730536 175
0.730536 174
0.730536 173
0.730536 172
0.730536 171
0.730354 171
0.730240 171
0.730240 170
0.730240 169
0.730214 168
0.730069 168
0.729903 168
0.729903 167
0.729903 166
0.729903 165
0.729903 164
0.729747 164
0.729584 164
0.729584 163
0.729569 162
0.729569 161
0.729461 161
0.729461 160
0.729461 159
0.729461 158
0.729461 157
0.729291 157
0.729148 157
0.729148 156
0.729148 155
0.729015 155
0.729015 154
0.728866 154
0.728866 153
0.728866 152
0.728713 152
0.728713 151
0.728713 150
0.728713 149
0.728713 148
0.728713 147
0.728584 147
0.728440 147
0.728310 147
0.728185 147
0.728023 147
0.728023 146
0.728023 145
0.728023 144
0.728023 143
0.728023 142
0.727883 142
0.727730 142
0.727698 141
0.727552 141
0.727552 140
0.727404 140
0.727404 139
0.727404 138
0.727258 138
0.727258 137
0.727109 137
0.727109 136
0.727109 135
0.726994 135
0.726994 134
0.726838 134
0.726838 133
0.726680 133
0.726680 132
0.726680 131
0.726558 131
0.726397 131
0.726246 131
0.726246 130
0.726246 129
0.726087 129
0.726087 128
0.726087 127
0.726087 126
0.725947 126
0.725947 125
0.725947 124
0.725947 123
0.725791 123
0.725791 122
0.725791 121
0.725653 121
0.725653 120
0.725653 119
0.725477 119
0.725477 118
0.725477 117
0.725325 117
0.725325 116
0.725182 116
0.725019 116
0.725019 115
0.725019 114
0.725019 113
0.724913 113
0.724788 113
0.724788 112
0.724788 111
0.724630 111
0.724630 110
0.724630 109
0.724510 109
0.724342 109
0.724342 108
0.724175 108
0.724071 108
0.724068 107
0.724068 106
0.723944 106
0.723944 105
0.723800 105
0.723673 105
0.723522 105
0.723393 105
0.723393 104
0.723223 104
0.723105 104
0.723105 103
0.722954 103
0.722814 103
0.722756 102
0.722756 101
0.722756 100
0.722756 99
0.722602 99
0.722602 98
0.722475 98
0.722334 98
0.722334 97
0.722334 96
0.722213 96
0.722213 95
0.722213 94
0.722085 94
0.722085 93
0.721967 93
0.721815 93
0.721664 93
0.721547 93
0.721374 93
0.721374 92
0.721236 92
0.721082 92
0.721082 91
0.720848 91
0.720848 90
0.720848 89
0.720691 89
0.720691 88
0.720691 87
0.720559 87
0.720402 87
0.720402 86
0.720229 86
0.720097 86
0.720097 85
0.719986 85
0.719834 85
0.719834 84
0.719834 83
0.719834 82
0.719698 82
0.719698 81
0.719698 80
0.719698 79
0.719698 78
0.719698 77
0.719698 76
0.719521 76
0.719408 76
0.719306 76
0.719151 76
0.719151 75
0.719052 75
0.719052 74
0.718906 74
0.718858 73
0.718685 73
0.718685 72
0.718568 72
0.718568 71
0.718463 71
0.718463 70
0.718463 69
0.718323 69
0.718202 69
0.718202 68
0.718114 67
0.717968 67
0.717819 67
0.717675 67
0.717675 66
0.717519 66
0.717455 65
0.717357 65
0.717357 64
0.717357 63
0.717187 63
0.717043 63
0.716894 63
0.716894 62
0.716756 62
0.716599 62
0.716599 61
0.716489 61
0.716341 61
0.716223 61
0.716102 61
0.716102 60
0.715948 60
0.715948 59
0.715948 58
0.715871 57
0.715694 57
0.715641 56
0.715641 55
0.715483 55
0.715483 54
0.715483 53
0.715483 52
0.715483 51
0.715320 51
0.715225 50
0.715064 50
0.714927 50
0.714786 50
0.714669 50
0.714505 50
0.714357 50
0.714258 50
0.714113 50
0.713984 50
0.713858 50
0.713703 50
0.713532 50
0.713376 50
0.713214 50
0.713068 50
0.712929 50
0.712827 50
0.712664 50
0.712664 49
0.712538 49
0.712373 49
0.712224 49
0.712058 49
0.711891 49
0.711891 48
0.711739 48
0.711621 48
0.711621 47
0.711621 46
0.711621 45
0.711490 45
0.711381 45
0.711264 45
0.711127 45
0.711006 45
0.710853 45
0.710687 45
0.710563 45
0.710387 45
0.710256 45
0.710141 45
0.710141 44
0.710018 44
0.709872 44
0.709872 43
0.709741 43
0.709741 42
0.709589 42
0.709473 42
0.709313 42
0.709161 42
0.709024 42
0.708905 42
0.708743 42
0.708584 42
0.708446 42
0.708327 42
0.708188 42
0.708017 42
0.707846 42
0.707690 42
0.707522 42
0.707420 42
0.707280 42
0.707128 42
0.706987 42
0.706840 42
0.706840 41
0.706702 41
0.706702 40
0.706534 40
0.706534 39
0.706407 39
0.706238 39
0.706068 39
0.705942 39
0.705795 39
0.705680 39
0.705523 39
0.705364 39
0.705249 39
0.705102 39
0.704936 39
0.704772 39
0.704660 39
0.704538 39
0.704408 39
0.704249 39
0.704099 39
0.703969 39
0.703813 39
0.703684 39
0.703535 39
0.703407 39
0.703233 39
0.703099 39
0.702970 39
0.702819 39
0.702819 38
0.702668 38
0.702514 38
0.702339 38
0.702183 38
0.702022 38
0.701849 38
0.701704 38
0.701558 38
0.701400 38
0.701262 38
0.701135 38
0.700989 38
0.700830 38
0.700711 38
0.700554 38
0.700426 38
0.700291 38
0.700177 38
0.700058 38
0.699880 38
0.699775 38
0.699637 38
0.699637 37
0.699637 36
0.699507 36
0.699392 36
0.699259 36
0.699110 36
0.699014 35
0.698882 35
0.698882 34
0.698782 34
0.698643 34
0.698480 34
0.698345 34
0.698212 34
0.698212 33
0.698055 33
0.697933 33
0.697815 33
0.697636 33
0.697511 33
0.697511 32
0.697351 32
0.697280 31
0.697153 31
0.697017 31
0.696859 31
0.696690 31
0.696564 31
0.696401 31
0.696235 31
0.696078 31
0.695937 31
0.695818 31
0.695674 31
0.695514 31
0.695514 30
0.695373 30
0.695230 30
0.695083 30
0.694917 30
0.694800 30
0.694663 30
0.694518 30
0.694518 29
0.694362 29
0.694247 29
0.694130 29
0.694011 29
0.693859 29
0.693694 29
0.693551 29
0.693430 29
0.693369 28
0.693190 28
0.693054 28
0.692913 28
0.692746 28
0.692573 28
0.692431 28
0.692282 28
0.692122 28
0.692122 27
0.691984 27
0.691815 27
0.691654 27
0.691497 27
0.691332 27
0.691205 27
0.691082 27
0.690926 27
0.690763 27
0.690610 27
0.690500 27
0.690335 27
0.690335 26
0.690188 26
0.690030 26
0.689886 26
0.689736 26
0.689594 26
0.689442 26
0.689311 26
0.689186 26
0.689013 26
0.688901 26
0.688747 26
0.688747 25
0.688581 25
0.688431 25
0.688305 25
0.688180 25
0.688105 24
0.688002 24
0.687848 24
0.687688 24
0.687573 24
0.687412 24
0.687257 24
0.687110 24
0.687011 24
0.686854 24
0.686688 24
0.686532 24
0.686369 24
0.686369 23
0.686233 23
0.686107 23
0.685962 23
0.685813 23
0.685678 23
0.685522 23
0.685397 23
0.685262 23
0.685106 23
0.684957 23
0.684802 23
0.684638 23
0.684638 22
0.684500 22
0.684357 22
0.684236 22
0.684082 22
0.684082 21
0.683956 21
0.683839 21
0.683680 21
0.683530 21
0.683370 21
0.683227 21
0.683068 21
0.683068 20
0.682922 20
0.682775 20
0.682641 20
0.682470 20
0.682301 20
0.682131 20
0.681994 20
0.681831 20
0.681686 20
0.681511 20
0.681326 20
0.681172 20
0.681000 20
0.680847 20
0.680668 20
0.680527 20
0.680392 20
0.680230 20
0.680074 20
0.679929 20
0.679781 20
0.679632 20
0.679476 20
0.679476 19
0.679301 19
0.679190 19
0.679023 19
0.678848 19
0.678694 19
0.678512 19
0.678351 19
0.678232 19
0.678092 19
0.677970 19
0.677812 19
0.677650 19
0.677553 19
0.677406 19
0.677267 19
0.677098 19
0.676955 19
0.676781 19
0.676665 19
0.676531 19
0.676399 19
0.676250 19
0.676092 19
0.675948 19
0.675829 19
0.675679 19
0.675520 19
0.675372 19
0.675219 19
0.675090 19
0.674940 19
0.674794 19
0.674666 19
0.674498 19
0.674332 19
0.674168 19
0.674021 19
0.673883 19
0.673743 19
0.673587 19
0.673420 19
0.673272 19
0.673121 19
0.672974 19
0.672821 19
0.672676 19
0.672544 19
0.672394 19
0.672259 19
0.672092 19
0.671957 19
0.671800 19
0.671655 19
0.671510 19
0.671351 19
0.671204 19
0.671041 19
0.670885 19
0.670782 19
0.670627 19
0.670525 19
0.670366 19
0.670291 18
0.670291 17
0.670154 17
0.670010 17
0.669864 17
0.669719 17
0.669588 17
0.669588 16
0.669415 16
0.669415 15
0.669268 15
0.669101 15
0.668942 15
0.668787 15
0.668642 15
0.668475 15
0.668294 15
0.668153 15
0.668024 15
0.667865 15
0.667716 15
0.667578 15
0.667414 15
0.667270 15
0.667270 14
0.667163 14
0.667033 14
0.666886 14
0.666730 14
0.666569 14
0.666391 14
0.666251 14
0.666105 14
0.665933 14
0.665785 14
0.665635 14
0.665471 14
0.665347 14
0.665183 14
0.665062 14
0.664893 14
0.664722 14
0.664549 14
0.664242 14
0.664111 14
0.663939 14
0.663798 14
0.663626 14
0.663475 14
0.663311 14
0.663173 14
0.663009 14
0.662855 14
0.662704 14
0.662565 14
0.662410 14
0.662258 14
0.662095 14
0.661933 14
0.661761 14
0.661588 14
0.661434 14
0.661270 14
0.661091 14
0.660950 14
0.660785 14
0.660635 14
0.660474 14
0.660474 13
0.660367 13
0.660214 13
0.660065 13
0.659911 13
0.659763 13
0.659595 13
0.659453 13
0.659339 13
0.659179 13
0.659022 13
0.658906 13
0.658761 13
0.658589 13
0.658589 12
0.658422 12
0.658254 12
0.658095 12
0.657963 12
0.657807 12
0.657646 12
0.657507 12
0.657364 12
0.657190 12
0.657051 12
0.656899 12
0.656762 12
0.656589 12
0.656410 12
0.656410 11
0.656227 11
0.656053 11
0.655889 11
0.655747 11
0.655586 11
0.655403 11
0.655244 11
0.655079 11
0.654954 11
0.654795 11
0.654627 11
0.654473 11
0.654334 11
0.654164 11
0.654008 11
0.653869 11
0.653719 11
0.653591 11
0.653434 11
0.653301 11
0.653151 11
0.652995 11
0.652825 11
0.652672 11
0.652542 11
0.652367 11
0.652210 11
0.652061 11
0.651921 11
0.651771 11
0.651464 11
0.651282 11
0.651135 11
0.650999 11
0.650849 11
0.650700 11
0.650544 11
0.650366 11
0.650225 11
0.650069 11
0.649903 11
0.649760 11
0.649619 11
0.649488 11
0.649330 11
0.649189 11
0.649034 11
0.648885 11
0.648756 11
0.648604 11
0.648423 11
0.648291 11
0.648164 11
0.648016 11
0.647870 11
0.647720 11
0.647552 11
0.647400 11
0.647247 11
0.647073 11
0.646906 11
0.646750 11
0.646592 11
0.646443 11
0.646289 11
0.646106 11
0.645940 11
0.645805 11
0.645660 11
0.645508 11
0.645329 11
0.645181 11
0.645027 11
0.644870 11
0.644705 11
0.644551 11
0.644396 11
0.644221 11
0.644081 11
0.643912 11
0.643764 11
0.643608 11
0.643455 11
0.643295 11
0.643143 11
0.643028 11
0.642854 11
0.642688 11
0.642518 11
0.642369 11
0.642224 11
0.642072 11
0.641918 11
0.641754 11
0.641602 11
0.641435 11
0.641314 11
0.641163 11
0.640995 11
0.640857 11
0.640728 11
0.640569 11
0.640429 11
0.640263 11
0.640116 11
0.639983 11
0.639838 11
0.639677 11
0.639544 11
0.639369 11
0.639365 10
0.639210 10
0.639072 10
0.638911 10
0.638770 10
0.638600 10
0.638460 10
0.638292 10
0.638112 10
0.637985 10
0.637819 10
0.637686 10
0.637522 10
0.637347 10
0.637180 10
0.637019 10
0.636899 10
0.636765 10
0.636589 10
0.636425 10
0.636289 10
0.636151 10
0.635993 10
0.635829 10
0.635677 10
0.635563 10
0.635432 10
0.635272 10
0.635117 10
0.634939 10
0.634782 10
0.634628 10
0.634488 10
0.634324 10
0.634189 10
0.634018 10
0.634018 9
0.633852 9
0.633703 9
0.633534 9
0.633375 9
0.633204 9
0.633037 9
0.632897 9
0.632731 9
0.632573 9
0.632404 9
0.632272 9
0.632122 9
0.631958 9
0.631803 9
0.631658 9
0.631522 9
0.631383 9
0.631220 9
0.631050 9
0.630890 9
0.630743 9
0.630605 9
0.630457 9
0.630313 9
0.630151 9
0.630009 9
0.629853 9
0.629703 9
0.629532 9
0.629391 9
0.629240 9
0.629078 9
0.628919 9
0.628782 9
0.628625 9
0.628470 9
0.628327 9
0.628198 9
0.628054 9
0.627887 9
0.627722 9
0.627561 9
0.627427 9
0.627091 9
0.626918 9
0.626770 9
0.626621 9
0.626474 9
0.626316 9
0.626168 9
0.626014 9
0.625881 9
0.625710 9
0.625597 9
0.625443 9
0.625289 9
0.625165 9
0.625005 9
0.624903 9
0.624743 9
0.624583 9
0.624458 9
0.624333 9
0.624157 9
0.624007 9
0.623846 9
0.623704 9
0.623527 9
0.623360 9
0.623208 9
0.623040 9
0.622887 9
0.622723 9
0.622578 9
0.622443 9
0.622277 9
0.622182 8
0.622033 8
0.621918 8
0.621826 7
0.621663 7
0.621493 7
0.621319 7
0.621153 7
0.620991 7
0.620835 7
0.620676 7
0.620501 7
0.620339 7
0.620184 7
0.620029 7
0.619929 7
0.619782 7
0.619633 7
0.619492 7
0.619328 7
0.619193 7
0.619050 7
0.618919 7
0.618775 7
0.618618 7
0.618472 7
0.618349 7
0.618218 7
0.618094 7
0.617937 7
0.617776 7
0.617625 7
0.617465 7
0.617300 7
0.617143 7
0.616974 7
0.616816 7
0.616661 7
0.616514 7
0.616351 7
0.616206 7
0.616054 7
0.615905 7
0.615760 7
0.615620 7
0.615451 7
0.615280 7
0.615280 6
0.615122 6
0.614966 6
0.614842 6
0.614686 6
0.614543 6
0.614372 6
0.614219 6
0.614068 6
0.613908 6
0.613746 6
0.613565 6
0.613408 6
0.613256 6
0.613103 6
0.612942 6
0.612802 6
0.612641 6
0.612471 6
0.612319 6
0.612168 6
0.612049 6
0.611884 6
0.611722 6
0.611559 6
0.611423 6
0.611289 6
0.611120 6
0.611120 5
0.610957 5
0.610796 5
0.610606 5
0.610450 5
0.610277 5
0.610149 5
0.609996 5
0.609849 5
0.609683 5
0.609528 5
0.609349 5
0.609191 5
0.609033 5
0.608867 5
0.608707 5
0.608540 5
0.608380 5
0.608219 5
0.608047 5
0.607881 5
0.607719 5
0.607574 5
0.607404 5
0.607268 5
0.607103 5
0.606936 5
0.606775 5
0.606612 5
0.606477 5
0.606324 5
0.606192 5
0.606021 5
0.606021 4
0.605905 4
0.605773 4
0.605612 4
0.605481 4
0.605325 4
0.605173 4
0.605051 4
0.604886 4
0.604738 4
0.604572 4
0.604440 4
0.604295 4
0.604146 4
0.603981 4
0.603843 4
0.603692 4
0.603534 4
0.603198 4
0.603047 4
0.602894 4
0.602731 4
0.602570 4
0.602417 4
0.602267 4
0.602100 4
0.601932 4
0.601774 4
0.601615 4
0.601476 4
0.601330 4
0.601166 4
0.601030 4
0.600874 4
0.600730 4
0.600580 4
0.600427 4
0.600288 4
0.600148 4
0.599990 4
0.599834 4
0.599678 4
0.599504 4
0.599380 4
0.599226 4
0.599080 4
0.598913 4
0.598767 4
0.598626 4
0.598478 4
0.598316 4
0.598153 4
0.597991 4
0.597826 4
0.597665 4
0.597535 4
0.597382 4
0.597250 4
0.597089 4
0.596952 4
0.596794 4
0.596639 4
0.596464 4
0.596304 4
0.596145 4
0.595985 4
0.595820 4
0.595647 4
0.595489 4
0.595344 4
0.595194 4
0.595026 4
0.594852 4
0.594730 4
0.594579 4
0.594417 4
0.594243 4
0.594075 4
0.593909 4
0.593746 4
0.593572 4
0.593402 4
0.593236 4
0.593084 4
0.592926 4
0.592767 4
0.592617 4
0.592468 4
0.592310 4
0.592151 4
0.592006 4
0.591859 4
0.591723 4
0.591550 4
0.591392 4
0.591236 4
0.591098 4
0.590946 4
0.590781 4
0.590625 4
0.590461 4
0.590304 4
0.590125 4
0.589797 4
0.589675 4
0.589528 4
0.589375 4
0.589243 4
0.589089 4
0.588930 4
0.588811 4
0.588634 4
0.588457 4
0.588312 4
0.588154 4
0.587998 4
0.587840 4
0.587710 4
0.587558 4
0.587416 4
0.587279 4
0.587131 4
0.586986 4
0.586844 4
0.586696 4
0.586563 4
0.586432 4
0.586254 4
0.586088 4
0.585949 4
0.585817 4
0.585672 4
0.585545 4
0.585372 4
0.585228 4
0.585082 4
0.584933 4
0.584810 4
0.584675 4
0.584547 4
0.584397 4
0.584252 4
0.584097 4
0.583951 4
0.583805 4
0.583647 4
0.583480 4
0.583319 4
0.583157 4
0.582996 4
0.582825 4
0.582675 4
0.582515 4
0.582368 4
0.582247 4
0.582077 4
0.581937 4
0.581764 4
0.581625 4
0.581458 4
0.581296 4
0.581127 4
0.580965 4
0.580789 4
0.580641 4
0.580489 4
0.580361 4
0.580199 4
0.580024 4
0.579874 4
0.579693 4
0.579541 4
0.579394 4
0.579221 4
0.579106 4
0.578943 4
0.578789 4
0.578647 4
0.578490 4
0.578339 4
0.578207 4
0.578048 4
0.577888 4
0.577751 4
0.577594 4
0.577453 4
0.577284 4
0.577116 4
0.576939 4
0.576815 4
0.576652 4
0.576494 4
0.576344 4
0.576191 4
0.576036 4
0.575886 4
0.575736 4
0.575566 4
0.575396 4
0.575238 4
0.575112 4
0.574965 4
0.574809 4
0.574659 4
0.574530 4
0.574362 4
0.574222 4
0.574078 4
0.573910 4
0.573772 4
0.573617 4
0.573461 4
0.573313 4
0.573145 4
0.572967 4
0.572806 4
0.572657 4
0.572500 4
0.572324 4
0.572159 4
0.572001 4
0.571851 4
0.571688 4
0.571526 4
0.571384 4
0.571223 4
0.571078 4
0.570939 4
0.570628 4
0.570459 4
0.570304 4
0.570142 4
0.569983 4
0.569840 4
0.569674 4
0.569504 4
0.569363 4
0.569240 4
0.569079 4
0.568933 4
0.568760 4
0.568612 4
0.568447 4
0.568291 4
0.568141 4
0.567993 4
0.567833 4
0.567680 4
0.567518 4
0.567365 4
0.567202 4
0.567070 4
0.567070 3
0.566942 3
0.566819 3
0.566642 3
0.566478 3
0.566326 3
0.566158 3
0.566036 3
0.565877 3
0.565746 3
0.565574 3
0.565400 3
0.565280 3
0.565110 3
0.564944 3
0.564767 3
0.564606 3
0.564446 3
0.564304 3
0.564147 3
0.563997 3
0.563834 3
0.563681 3
0.563527 3
0.563375 3
0.563234 3
0.563069 3
0.562919 3
0.562742 3
0.562591 3
0.562425 3
0.562268 3
0.562125 3
0.561961 3
0.561825 3
0.561655 3
0.561513 3
0.561358 3
0.561223 3
0.561060 3
0.560909 3
0.560744 3
0.560580 3
0.560423 3
0.560262 3
0.560103 3
0.559936 3
0.559788 3
0.559646 3
0.559490 3
0.559330 3
0.559185 3
0.559023 3
0.558865 3
0.558708 3
0.558536 3
0.558389 3
0.558224 3
0.558075 3
0.557921 3
0.557758 3
0.557597 3
0.557442 3
0.557289 3
0.557122 3
0.556960 3
0.556835 3
0.556683 3
0.556508 3
0.556356 3
0.556210 3
0.556059 3
0.555885 3
0.555735 3
0.555558 3
0.555402 3
0.555250 3
0.555098 3
0.554924 3
0.554777 3
0.554637 3
0.554456 3
0.554304 3
0.554153 3
0.554014 3
0.553847 3
0.553720 3
0.553581 3
0.553581 2
0.553409 2
0.553236 2
0.553059 2
0.552897 2
0.552756 2
0.552590 2
0.552428 2
0.552266 2
0.552104 2
0.551966 2
0.551846 2
0.551695 2
0.551550 2
0.551401 2
0.551256 2
0.551099 2
0.550953 2
0.550791 2
0.550645 2
0.550492 2
0.550346 2
0.550186 2
0.550045 2
0.549909 2
0.549738 2
0.549559 2
0.549400 2
0.549252 2
0.549128 2
0.548987 2
0.548807 2
0.548670 2
0.548505 2
0.548348 2
0.548206 2
0.548045 2
0.547868 2
0.547703 2
0.547543 2
0.547383 2
0.547213 2
0.547042 2
0.546904 2
0.546742 2
0.546594 2
0.546425 2
0.546266 2
0.546098 2
0.545940 2
0.545788 2
0.545624 2
0.545479 2
0.545326 2
0.545155 2
0.545006 2
0.544865 2
0.544744 2
0.544585 2
0.544431 2
0.544254 2
0.544105 2
0.544000 2
0.543850 2
0.543697 2
0.543533 2
0.543378 2
0.543214 2
0.543072 2
0.542898 2
0.542730 2
0.542597 2
0.542420 2
0.542283 2
0.542113 2
0.541975 2
0.541828 2
0.541682 2
0.541548 2
0.541416 2
0.541260 2
0.541099 2
0.540949 2
0.540790 2
0.540631 2
0.540500 2
0.540355 2
0.540200 2
0.539867 2
0.539729 2
0.539572 2
0.539417 2
0.539237 2
0.539074 2
0.538912 2
0.538762 2
0.538603 2
0.538466 2
0.538297 2
0.538144 2
0.537967 2
0.537810 2
0.537631 2
0.537470 2
0.537323 2
0.537164 2
0.537000 2
0.536839 2
0.536671 2
0.536498 2
0.536353 2
0.536198 2
0.536039 2
0.535878 2
0.535710 2
0.535587 2
0.535422 2
0.535254 2
0.535125 2
0.534960 2
0.534787 2
0.534635 2
0.534473 2
0.534314 2
0.534167 2
0.534004 2
0.533848 2
0.533691 2
0.533556 2
0.533394 2
0.533233 2
0.533070 2
0.532918 2
0.532772 2
0.532623 2
0.532483 2
0.532332 2
0.532177 2
0.532043 2
0.531767 2
0.531625 2
0.531476 2
0.531307 2
0.530966 2
0.530813 2
0.530678 2
0.530516 2
0.530337 2
0.530170 2
0.530015 2
0.529846 2
0.529678 2
0.529511 2
0.529365 2
0.529214 2
0.529080 2
0.528929 2
0.528929 1
0.528775 1
0.528616 1
0.528490 1
0.528329 1
0.528161 1
0.528021 1
0.527863 1
0.527696 1
0.527523 1
0.527352 1
0.527180 1
0.527028 1
0.526888 1
0.526709 1
0.526565 1
0.526397 1
0.526238 1
0.526063 1
0.525898 1
0.525740 1
0.525576 1
0.525415 1
0.525263 1
0.525092 1
0.524937 1
0.524808 1
0.524649 1
0.524491 1
0.524337 1
0.524183 1
0.524028 1
0.523860 1
0.523742 1
0.523596 1
0.523434 1
0.523284 1
0.523133 1
0.522976 1
0.522842 1
0.522685 1
0.522517 1
0.522383 1
0.522217 1
0.522044 1
0.521882 1
0.521712 1
0.521570 1
0.521416 1
0.521248 1
0.521091 1
0.520953 1
0.520807 1
0.520657 1
0.520508 1
0.520362 1
0.520253 1
0.520105 1
0.519943 1
0.519784 1
0.519644 1
0.519487 1
0.519327 1
0.519152 1
0.518999 1
0.518865 1
0.518726 1
0.518562 1
0.518389 1
0.518243 1
0.518073 1
0.517903 1
0.517757 1
0.517605 1
0.517455 1
0.517310 1
0.517144 1
0.516974 1
0.516802 1
0.516640 1
0.516488 1
0.516320 1
0.516155 1
0.515993 1
0.515822 1
0.515685 1
0.515562 1
0.515398 1
0.515248 1
0.515088 1
0.514944 1
0.514815 1
0.514637 1
0.514460 1
0.514295 1
0.514139 1
0.514003 1
0.513862 1
0.513691 1
0.513561 1
0.513410 1
0.513256 1
0.513100 1
0.512956 1
0.512779 1
0.512490 1
0.512323 1
0.512163 1
0.511995 1
0.511857 1
0.511707 1
0.511532 1
0.511391 1
0.511240 1
0.511066 1
0.510897 1
0.510748 1
0.510579 1
0.510439 1
0.510286 1
0.510130 1
0.509953 1
0.509806 1
0.509655 1
0.509502 1
0.509363 1
0.509212 1
0.509069 1
0.508947 1
0.508793 1
0.508622 1
0.508456 1
0.508323 1
0.508180 1
0.508018 1
0.507843 1
0.507689 1
0.507536 1
0.507372 1
0.507228 1
0.507050 1
0.506890 1
0.506740 1
0.506575 1
0.506421 1
0.506232 1
0.506065 1
0.505907 1
0.505754 1
0.505592 1
0.505426 1
0.505284 1
0.505149 1
0.505009 1
0.504855 1
0.504692 1
0.504519 1
0.504367 1
0.504227 1
0.504086 1
0.503919 1
0.503761 1
0.503608 1
0.503441 1
0.503305 1
0.503148 1
0.502983 1
0.502810 1
0.502661 1
0.502512 1
0.502339 1
0.502168 1
0.501993 1
0.501824 1
0.501655 1
0.501496 1
0.501339 1
0.501204 1
0.501020 1
0.500901 1
0.500746 1
0.500598 1
0.500427 1
0.500261 1
0.500122 1
0.499962 1
0.499803 1
0.499653 1
0.499480 1
0.499353 1
0.499196 1
0.499037 1
0.498887 1
0.498725 1
0.498569 1
0.498393 1
0.498251 1
0.498095 1
0.497766 1
0.497624 1
0.497472 1
0.497341 1
0.497182 1
0.497048 1
0.496896 1
0.496727 1
0.496583 1
0.496436 1
0.496304 1
0.496170 1
0.496004 1
0.495836 1
0.495681 1
0.495528 1
0.495365 1
0.495217 1
0.495050 1
0.494904 1
0.494735 1
0.494563 1
0.494400 1
0.494253 1
0.494115 1
0.493941 1
0.493806 1
0.493656 1
0.493504 1
0.493347 1
0.493211 1
0.493053 1
0.492891 1
0.492726 1
0.492546 1
0.492414 1
0.492297 1
0.492163 1
0.492001 1
0.491853 1
0.491701 1
0.491561 1
0.491398 1
0.491239 1
0.491066 1
0.490923 1
0.490787 1
0.490634 1
0.490486 1
0.490316 1
0.490170 1
0.490025 1
0.489879 1
0.489739 1
0.489575 1
0.489404 1
0.489245 1
0.489085 1
0.488923 1
0.488773 1
0.488602 1
0.488434 1
0.488268 1
0.488102 1
0.487931 1
0.487787 1
0.487631 1
0.487505 1
0.487354 1
0.487196 1
0.487026 1
0.486854 1
0.486709 1
0.486545 1
0.486403 1
0.486219 1
0.486063 1
0.485931 1
0.485775 1
0.485614 1
0.485453 1
0.485289 1
0.485126 1
0.484956 1
0.484797 1
0.484661 1
0.484506 1
0.484349 1
0.484190 1
0.484042 1
0.483872 1
0.483726 1
0.483588 1
0.483248 1
0.483091 1
0.482923 1
0.482751 1
0.482596 1
0.482425 1
0.482267 1
0.482104 1
0.481944 1
0.481792 1
0.481631 1
0.481491 1
0.481332 1
0.481169 1
0.481009 1
0.480850 1
0.480708 1
0.480554 1
0.480388 1
0.480254 1
0.480120 1
0.479956 1
0.479804 1
0.479689 1
0.479546 1
0.479387 1
0.479218 1
0.479066 1
0.478932 1
0.478776 1
0.478603 1
0.478445 1
0.478277 1
0.478122 1
0.477987 1
0.477842 1
0.477688 1
0.477509 1
0.477333 1
0.477177 1
0.477025 1
0.476870 1
0.476721 1
0.476579 1
0.476435 1
0.476282 1
0.476102 1
0.475960 1
0.475830 1
0.475670 1
0.475512 1
0.475351 1
0.475234 1
0.475089 1
0.474955 1
0.474790 1
0.474626 1
0.474464 1
0.474324 1
0.474159 1
0.473987 1
0.473822 1
0.473672 1
0.473531 1
0.473367 1
0.473208 1
0.473055 1
0.472894 1
0.472719 1
0.472564 1
0.472394 1
0.472218 1
0.472063 1
0.471898 1
0.471737 1
0.471622 1
0.471446 1
0.471274 1
0.471112 1
0.470950 1
0.470817 1
0.470660 1
0.470545 1
0.470393 1
0.470247 1
0.470082 1
0.469909 1
0.469757 1
0.469610 1
0.469439 1
0.469293 1
0.469158 1
0.469014 1
0.468853 1
0.468697 1
0.468537 1
0.468391 1
0.468227 1
0.468071 1
0.467917 1
0.467754 1
0.467612 1
0.467482 1
0.467325 1
0.467167 1
0.466988 1
0.466818 1
0.466648 1
0.466504 1
0.466356 1
0.466211 1
0.466033 1
0.465874 1
0.465725 1
0.465577 1
0.465442 1
0.465271 1
0.465086 1
0.464950 1
0.464801 1
0.464631 1
0.464469 1
0.464303 1
0.464150 1
0.463968 1
0.463787 1
0.463612 1
0.463487 1
0.463313 1
0.463170 1
0.463020 1
0.462876 1
0.462741 1
0.462600 1
0.462454 1
0.462283 1
0.462133 1
0.461972 1
0.461836 1
0.461687 1
0.461520 1
0.461354 1
0.461184 1
0.461049 1
0.460880 1
0.460718 1
0.460560 1
0.460407 1
0.460240 1
0.460073 1
0.459927 1
0.459788 1
0.459644 1
0.459492 1
0.459325 1
0.459176 1
0.459021 1
0.458864 1
0.458701 1
0.458543 1
0.458366 1
0.458203 1
0.458067 1
0.457914 1
0.457747 1
0.457591 1
0.457423 1
0.457279 1
0.457102 1
0.456924 1
0.456787 1
0.456642 1
0.456502 1
0.456346 1
0.456186 1
0.456031 1
0.455856 1
0.455703 1
0.455562 1
0.455404 1
0.455272 1
0.455104 1
0.454938 1
0.454787 1
0.454640 1
0.454472 1
0.454313 1
0.454128 1
0.453952 1
0.453764 1
0.453601 1
0.453435 1
0.453263 1
0.453091 1
0.452950 1
0.452792 1
0.452631 1
0.452449 1
0.452296 1
0.452127 1
0.451970 1
0.451835 1
0.451693 1
0.451564 1
0.451411 1
0.451267 1
0.451109 1
0.450958 1
0.450805 1
0.450687 1
0.450532 1
0.450367 1
0.450180 1
0.450010 1
0.449854 1
0.449693 1
0.449523 1
0.449376 1
0.449219 1
0.449073 1
0.448921 1
0.448755 1
0.448607 1
0.448465 1
0.448300 1
0.448142 1
0.447998 1
0.447841 1
0.447702 1
0.447538 1
0.447379 1
0.447207 1
0.447063 1
0.446893 1
0.446715 1
0.446564 1
0.446392 1
0.446244 1
0.446093 1
0.445949 1
0.445813 1
0.445649 1
0.445473 1
0.445330 1
0.445192 1
0.444915 1
0.444770 1
0.444604 1
0.444445 1
0.444283 1
0.444134 1
0.443961 1
0.443796 1
0.443629 1
0.443486 1
0.443345 1
0.443183 1
0.443009 1
0.442863 1
0.442701 1
0.442544 1
0.442400 1
0.442258 1
0.442107 1
0.441965 1
0.441798 1
0.441624 1
0.441471 1
0.441293 1
0.441122 1
0.440989 1
0.440833 1
0.440677 1
0.440554 1
0.440411 1
0.440253 1
0.440091 1
0.439952 1
0.439798 1
0.439639 1
0.439493 1
0.439340 1
0.439193 1
0.438881 1
0.438729 1
0.438455 1
0.438286 1
0.438146 1
0.438009 1
0.437845 1
0.437702 1
0.437542 1
0.437380 1
0.437207 1
0.437058 1
0.436900 1
0.436730 1
0.436562 1
0.436403 1
0.436237 1
0.436067 1
0.435926 1
0.435767 1
0.435617 1
0.435454 1
0.435288 1
0.435164 1
0.435021 1
0.434856 1
0.434698 1
0.434544 1
0.434392 1
0.434247 1
0.434078 1
0.433931 1
0.433775 1
0.433621 1
0.433483 1
0.433311 1
0.433147 1
0.432993 1
0.432827 1
0.432659 1
0.432494 1
0.432378 1
0.432221 1
0.432101 1
0.431962 1
0.431793 1
0.431657 1
0.431484 1
0.431330 1
0.431162 1
0.431002 1
0.430849 1
0.430695 1
0.430558 1
0.430395 1
0.430251 1
0.430113 1
0.429965 1
0.429808 1
0.429653 1
0.429487 1
0.429347 1
0.429190 1
0.429027 1
0.428881 1
0.428729 1
0.428565 1
0.428404 1
0.428245 1
0.428101 1
0.427942 1
0.427768 1
0.427592 1
0.427454 1
0.427290 1
0.427142 1
0.427012 1
0.426861 1
0.426704 1
0.426549 1
0.426381 1
0.426215 1
0.426072 1
0.425921 1
0.425761 1
0.425621 1
0.425477 1
0.425338 1
0.425178 1
0.425016 1
0.424855 1
0.424708 1
0.424544 1
0.424368 1
0.424205 1
0.424072 1
0.423899 1
0.423723 1
0.423553 1
0.423397 1
0.423229 1
0.423065 1
0.422904 1
0.422748 1
0.422590 1
0.422416 1
0.422270 1
0.422113 1
0.421969 1
0.421818 1
0.421657 1
0.421474 1
0.421317 1
0.421164 1
0.421015 1
0.420873 1
0.420701 1
0.420532 1
0.420364 1
0.420212 1
0.420064 1
0.419885 1
0.419735 1
0.419574 1
0.419420 1
0.419279 1
0.419105 1
0.418971 1
0.418801 1
0.418656 1
0.418503 1
0.418353 1
0.418046 1
0.417892 1
0.417746 1
0.417590 1
0.417429 1
0.417289 1
0.417137 1
0.416829 1
0.416672 1
0.416505 1
0.416341 1
0.416173 1
0.416012 1
0.415855 1
0.415690 1
0.415540 1
0.415380 1
0.415220 1
0.415048 1
0.414901 1
0.414763 1
0.414624 1
0.414476 1
0.414322 1
0.414159 1
0.414000 1
0.413857 1
0.413703 1
0.413541 1
0.413371 1
0.413220 1
0.413058 1
0.412894 1
0.412760 1
0.412597 1
0.412450 1
0.412298 1
0.412138 1
0.411986 1
0.411824 1
0.411661 1
0.411514 1
0.411358 1
0.411204 1
0.411051 1
0.410887 1
0.410712 1
0.410541 1
0.410415 1
0.410257 1
0.410105 1
0.409949 1
0.409785 1
0.409639 1
0.409470 1
0.409316 1
0.409135 1
0.408962 1
0.408822 1
0.408657 1
0.408500 1
0.408341 1
0.408183 1
0.408021 1
0.407851 1
0.407694 1
0.407522 1
0.407359 1
0.407040 1
0.406893 1
0.406723 1
0.406567 1
0.406422 1
0.406263 1
0.406103 1
0.405945 1
0.405784 1
0.405629 1
0.405479 1
0.405314 1
0.405173 1
0.405031 1
0.404904 1
0.404731 1
0.404556 1
0.404408 1
0.404231 1
0.404104 1
0.403925 1
0.403796 1
0.403648 1
0.403481 1
0.403328 1
0.403202 1
0.403034 1
0.402887 1
0.402732 1
0.402602 1
0.402457 1
0.402296 1
0.402126 1
0.401982 1
0.401846 1
0.401695 1
0.401515 1
0.401202 1
0.401059 1
0.400902 1
0.400751 1
0.400589 1
0.400439 1
0.400291 1
0.400145 1
0.399994 1
0.399845 1
0.399714 1
0.399581 1
0.399430 1
0.399264 1
0.399098 1
0.398947 1
0.398796 1
0.398641 1
0.398476 1
0.398302 1
0.398148 1
0.398022 1
0.397860 1
0.397694 1
0.397530 1
0.397371 1
0.397189 1
0.397017 1
0.396856 1
0.396694 1
0.396529 1
0.396369 1
0.396196 1
0.396030 1
0.395863 1
0.395716 1
0.395564 1
0.395411 1
0.395260 1
0.395101 1
0.394942 1
0.394815 1
0.394640 1
0.394472 1
0.394329 1
0.394170 1
0.394005 1
0.393854 1
0.393691 1
0.393535 1
0.393359 1
0.393201 1
0.393067 1
0.392903 1
0.392741 1
0.392623 1
0.392475 1
0.392329 1
0.392173 1
0.392017 1
0.391844 1
0.391679 1
0.391512 1
0.391339 1
0.391185 1
0.391023 1
0.390857 1
0.390722 1
0.390551 1
0.390423 1
0.390274 1
0.390095 1
0.389928 1
0.389780 1
0.389625 1
0.389455 1
0.389158 1
0.388989 1
0.388808 1
0.388666 1
0.388506 1
0.388364 1
0.388220 1
0.388070 1
0.387894 1
0.387738 1
0.387579 1
0.387418 1
0.387269 1
0.387108 1
0.386961 1
0.386795 1
0.386646 1
0.386489 1
0.386360 1
0.386188 1
0.386033 1
0.385863 1
0.385702 1
0.385546 1
0.385392 1
0.385256 1
0.385086 1
0.384920 1
0.384761 1
0.384588 1
0.384417 1
0.384254 1
0.384107 1
0.383958 1
0.383801 1
0.383655 1
0.383493 1
0.383344 1
0.383178 1
0.383033 1
0.382870 1
0.382690 1
0.382530 1
0.382374 1
0.382213 1
0.382072 1
0.381920 1
0.381753 1
0.381595 1
0.381439 1
0.381315 1
0.381171 1
0.381007 1
0.380845 1
0.380682 1
0.380547 1
0.380384 1
0.380220 1
0.380069 1
0.379916 1
0.379761 1
0.379601 1
0.379441 1
0.379281 1
0.379120 1
0.378963 1
0.378805 1
0.378652 1
0.378476 1
0.378322 1
0.378163 1
0.378006 1
0.377834 1
0.377673 1
0.377499 1
0.377331 1
0.377168 1
0.376995 1
0.376832 1
0.376524 1
0.376359 1
0.376218 1
0.376068 1
0.375906 1
0.375749 1
0.375598 1
0.375436 1
0.375284 1
0.375161 1
0.375028 1
0.374872 1
0.374713 1
0.374533 1
0.374379 1
0.374211 1
0.374091 1
0.373927 1
0.373766 1
0.373590 1
0.373449 1
0.373299 1
0.373159 1
0.372997 1
0.372831 1
0.372669 1
0.372527 1
0.372367 1
0.372223 1
0.372059 1
0.371895 1
0.371751 1
0.371600 1
0.371467 1
0.371303 1
0.371148 1
0.370984 1
0.370817 1
0.370668 1
0.370500 1
0.370344 1
0.370173 1
0.370030 1
0.369858 1
0.369688 1
0.369535 1
0.369384 1
0.369244 1
0.369076 1
0.368943 1
0.368781 1
0.368621 1
0.368468 1
0.368314 1
0.368137 1
0.367994 1
0.367829 1
0.367649 1
0.367478 1
0.367304 1
0.367160 1
0.366985 1
0.366807 1
0.366642 1
0.366504 1
0.366325 1
0.366190 1
0.366045 1
0.365905 1
0.365754 1
0.365612 1
0.365464 1
0.365297 1
0.364995 1
0.364829 1
0.364689 1
0.364551 1
0.364393 1
0.364235 1
0.364059 1
0.363905 1
0.363774 1
0.363609 1
0.363475 1
0.363303 1
0.363142 1
0.362974 1
0.362825 1
0.362667 1
0.362517 1
0.362359 1
0.362213 1
0.362039 1
0.361875 1
0.361709 1
0.361549 1
0.361422 1
0.361278 1
0.361120 1
0.360974 1
0.360817 1
0.360660 1
0.360492 1
0.360353 1
0.360195 1
0.360035 1
0.359864 1
0.359705 1
0.359551 1
0.359375 1
0.359227 1
0.359079 1
0.358903 1
0.358745 1
0.358566 1
0.358415 1
0.358257 1
0.358093 1
0.357940 1
0.357771 1
0.357620 1
0.357486 1
0.357341 1
0.357176 1
0.357040 1
0.356884 1
0.356730 1
0.356564 1
0.356402 1
0.356253 1
0.356093 1
0.355935 1
0.355785 1
0.355618 1
0.355468 1
0.355318 1
0.355148 1
0.354997 1
0.354873 1
0.354699 1
0.354571 1
0.354407 1
0.354231 1
0.354083 1
0.353934 1
0.353757 1
0.353604 1
0.353289 1
0.353137 1
0.352991 1
0.352840 1
0.352669 1
0.352512 1
0.352351 1
0.352174 1
0.352024 1
0.351883 1
0.351728 1
0.351581 1
0.351421 1
0.351264 1
0.351108 1
0.350943 1
0.350779 1
0.350630 1
0.350489 1
0.350322 1
0.350174 1
0.350033 1
0.349896 1
0.349754 1
0.349589 1
0.349430 1
0.349262 1
0.349131 1
0.348955 1
0.348798 1
0.348629 1
0.348463 1
0.348287 1
0.348118 1
0.347957 1
0.347800 1
0.347636 1
0.347464 1
0.347298 1
0.347136 1
0.346973 1
0.346836 1
0.346667 1
0.346508 1
0.346358 1
0.346212 1
0.346060 1
0.345900 1
0.345735 1
0.345579 1
0.345410 1
0.345253 1
0.345097 1
0.344937 1
0.344769 1
0.344620 1
0.344466 1
0.344291 1
0.344140 1
0.343970 1
0.343824 1
0.343669 1
0.343522 1
0.343356 1
0.343221 1
0.343053 1
0.342890 1
0.342743 1
0.342596 1
0.342433 1
0.342262 1
0.342081 1
0.341926 1
0.341752 1
0.341605 1
0.341448 1
0.341296 1
0.341127 1
0.340951 1
0.340794 1
0.340625 1
0.340483 1
0.340326 1
0.340173 1
0.340007 1
0.339854 1
0.339707 1
0.339558 1
0.339411 1
0.339264 1
0.339132 1
0.338980 1
0.338817 1
0.338674 1
0.338517 1
0.338343 1
0.338188 1
0.338040 1
0.337877 1
0.337701 1
0.337550 1
0.337389 1
0.337221 1
0.337060 1
0.337060 0
0.336883 0
0.336726 0
0.336566 0
0.336415 0
0.336246 0
0.336075 0
0.335900 0
0.335754 0
0.335595 0
0.335418 0
0.335256 0
0.334934 0
0.334765 0
0.334628 0
0.334482 0
0.334335 0
0.334167 0
0.334022 0
0.333881 0
0.333734 0
0.333583 0
0.333428 0
0.333266 0
0.333125 0
0.332960 0
0.332814 0
0.332672 0
0.332520 0
0.332367 0
0.332230 0
0.332063 0
0.331905 0
0.331769 0
0.331624 0
0.331459 0
0.331300 0
0.331161 0
0.331003 0
0.330856 0
0.330683 0
0.330538 0
0.330377 0
0.330197 0
0.330051 0
0.329889 0
0.329751 0
0.329592 0
0.329442 0
0.329306 0
0.329143 0
0.328976 0
0.328811 0
0.328633 0
0.328472 0
0.328305 0
0.328179 0
0.328026 0
0.327887 0
0.327752 0
0.327580 0
0.327411 0
0.327251 0
0.327080 0
0.326917 0
0.326752 0
0.326598 0
0.326427 0
0.326274 0
0.326111 0
0.325938 0
0.325808 0
0.325673 0
0.325515 0
0.325351 0
0.325214 0
0.325059 0
0.324900 0
0.324757 0
0.324580 0
0.324435 0
0.324264 0
0.324118 0
0.323955 0
0.323819 0
0.323659 0
0.323516 0
0.323349 0
0.323208 0
0.323044 0
0.322883 0
0.322748 0
0.322594 0
0.322422 0
0.322251 0
0.322079 0
0.321917 0
0.321755 0
0.321593 0
0.321433 0
0.321266 0
0.321108 0
0.320949 0
0.320783 0
0.320641 0
0.320486 0
0.320335 0
0.320182 0
0.320012 0
0.319846 0
0.319684 0
0.319527 0
0.319356 0
0.319199 0
0.319034 0
0.318869 0
0.318706 0
0.318580 0
0.318428 0
0.318270 0
0.318092 0
0.317915 0
0.317777 0
0.317642 0
0.317486 0
0.317321 0
0.317189 0
0.317018 0
0.316840 0
0.316683 0
0.316539 0
0.316391 0
0.316252 0
0.316090 0
0.315929 0
0.315788 0
0.315616 0
0.315444 0
0.315284 0
0.315141 0
0.314990 0
0.314827 0
0.314689 0
0.314556 0
0.314403 0
0.314250 0
0.314098 0
0.313920 0
0.313765 0
0.313593 0
0.313442 0
0.313282 0
0.313128 0
0.312975 0
0.312828 0
0.312677 0
0.312534 0
0.312391 0
0.312209 0
0.312047 0
0.311901 0
0.311755 0
0.311605 0
0.311447 0
0.311279 0
0.311120 0
0.310946 0
0.310793 0
0.310635 0
0.310493 0
0.310357 0
0.310211 0
0.310085 0
0.309941 0
0.309772 0
0.309620 0
0.309444 0
0.309294 0
0.309129 0
0.308953 0
0.308796 0
0.308631 0
0.308470 0
0.308306 0
0.308158 0
0.307987 0
0.307818 0
0.307661 0
0.307505 0
0.307354 0
0.307210 0
0.307081 0
0.306948 0
0.306784 0
0.306652 0
0.306473 0
0.306325 0
0.306172 0
0.306026 0
0.305888 0
0.305732 0
0.305578 0
0.305414 0
0.305268 0
0.305118 0
0.304970 0
0.304824 0
0.304666 0
0.304507 0
0.304359 0
0.304193 0
0.304032 0
0.303851 0
0.303682 0
0.303515 0
0.303349 0
0.303189 0
0.303020 0
0.302854 0
0.302684 0
0.302527 0
0.302368 0
0.302202 0
0.302026 0
0.301854 0
0.301679 0
0.301511 0
0.301371 0
0.301224 0
0.301075 0
0.300922 0
0.300761 0
0.300602 0
0.300470 0
0.300317 0
0.300163 0
0.300006 0
0.299858 0
0.299703 0
0.299536 0
0.299364 0
0.299225 0
0.299071 0
0.298919 0
0.298753 0
0.298578 0
0.298434 0
0.298270 0
0.298118 0
0.297983 0
0.297841 0
0.297690 0
0.297545 0
0.297372 0
0.297224 0
0.297072 0
0.296780 0
0.296621 0
0.296472 0
0.296294 0
0.296149 0
0.295999 0
0.295826 0
0.295652 0
0.295488 0
0.295338 0
0.295157 0
0.294994 0
0.294827 0
0.294675 0
0.294522 0
0.294345 0
0.294203 0
0.294041 0
0.293902 0
0.293743 0
0.293600 0
0.293443 0
0.293286 0
0.293131 0
0.292960 0
0.292802 0
0.292652 0
0.292486 0
0.292323 0
0.292178 0
0.292014 0
0.291865 0
0.291707 0
0.291563 0
0.291386 0
0.291260 0
0.291102 0
0.290926 0
0.290784 0
0.290620 0
0.290481 0
0.290325 0
0.290177 0
0.290028 0
0.289844 0
0.289667 0
0.289505 0
0.289356 0
0.289189 0
0.289017 0
0.288843 0
0.288682 0
0.288545 0
0.288385 0
0.288242 0
0.288073 0
0.287928 0
0.287766 0
0.287611 0
0.287470 0
0.287317 0
0.287150 0
0.286987 0
0.286821 0
0.286672 0
0.286504 0
0.286347 0
0.286205 0
0.286059 0
0.285920 0
0.285761 0
0.285607 0
0.285446 0
0.285306 0
0.285134 0
0.284969 0
0.284796 0
0.284638 0
0.284473 0
0.284304 0
0.284133 0
0.283972 0
0.283830 0
0.283660 0
0.283523 0
0.283360 0
0.283186 0
0.283024 0
0.282848 0
0.282675 0
0.282519 0
0.282377 0
0.282214 0
0.282060 0
0.281888 0
0.281742 0
0.281615 0
0.281449 0
0.281293 0
0.281121 0
0.280967 0
0.280812 0
0.280638 0
0.280464 0
0.280318 0
0.280152 0
0.279974 0
0.279829 0
0.279676 0
0.279510 0
0.279391 0
0.279225 0
0.279069 0
0.278907 0
0.278754 0
0.278581 0
0.278417 0
0.278282 0
0.278116 0
0.277970 0
0.277800 0
0.277665 0
0.277526 0
0.277210 0
0.277056 0
0.276894 0
0.276729 0
0.276566 0
0.276424 0
0.276291 0
0.276136 0
0.276006 0
0.275868 0
0.275715 0
0.275539 0
0.275402 0
0.275241 0
0.275091 0
0.274916 0
0.274757 0
0.274600 0
0.274443 0
0.274278 0
0.274120 0
0.273968 0
0.273802 0
0.273645 0
0.273487 0
0.273328 0
0.273164 0
0.273006 0
0.272834 0
0.272668 0
0.272502 0
0.272357 0
0.272186 0
0.272014 0
0.271860 0
0.271699 0
0.271520 0
0.271389 0
0.271246 0
0.271077 0
0.270932 0
0.270783 0
0.270620 0
0.270455 0
0.270292 0
0.270123 0
0.269961 0
0.269783 0
0.269640 0
0.269492 0
0.269353 0
0.269190 0
0.269026 0
0.268865 0
0.268706 0
0.268539 0
0.268377 0
0.268216 0
0.268054 0
0.267912 0
0.267600 0
0.267436 0
0.267267 0
0.267099 0
0.266929 0
0.266771 0
0.266617 0
0.266472 0
0.266317 0
0.266174 0
0.266034 0
0.265899 0
0.265730 0
0.265566 0
0.265392 0
0.265253 0
0.265117 0
0.264969 0
0.264823 0
0.264664 0
0.264521 0
0.264362 0
0.264201 0
0.264053 0
0.263893 0
0.263719 0
0.263557 0
0.263446 0
0.263284 0
0.263140 0
0.262971 0
0.262799 0
0.262629 0
0.262486 0
0.262161 0
0.261991 0
0.261834 0
0.261678 0
0.261512 0
0.261349 0
0.261196 0
0.261024 0
0.260874 0
0.260688 0
0.260537 0
0.260379 0
0.260198 0
0.260067 0
0.259894 0
0.259732 0
0.259564 0
0.259406 0
0.259115 0
0.258954 0
0.258795 0
0.258643 0
0.258477 0
0.258311 0
0.258168 0
0.258036 0
0.257870 0
0.257720 0
0.257556 0
0.257390 0
0.257230 0
0.257088 0
0.256923 0
0.256753 0
0.256590 0
0.256408 0
0.256255 0
0.256075 0
0.255900 0
0.255753 0
0.255597 0
0.255437 0
0.255276 0
0.255115 0
0.254974 0
0.254824 0
0.254652 0
0.254478 0
0.254314 0
0.254176 0
0.254040 0
0.253861 0
0.253715 0
0.253561 0
0.253411 0
0.253257 0
0.252914 0
0.252742 0
0.252412 0
0.252286 0
0.252121 0
0.251979 0
0.251828 0
0.251653 0
0.251488 0
0.251339 0
0.251200 0
0.251059 0
0.250892 0
0.250729 0
0.250580 0
0.250413 0
0.250254 0
0.250099 0
0.249949 0
0.249779 0
0.249625 0
0.249475 0
0.249328 0
0.249148 0
0.248983 0
0.248835 0
0.248685 0
0.248525 0
0.248357 0
0.248195 0
0.248062 0
0.247888 0
0.247728 0
0.247589 0
0.247416 0
0.247250 0
0.247081 0
0.246923 0
0.246802 0
0.246637 0
0.246463 0
0.246317 0
0.246152 0
0.245982 0
0.245823 0
0.245680 0
0.245542 0
0.245365 0
0.245221 0
0.245050 0
0.244884 0
0.244715 0
0.244546 0
0.244404 0
0.244237 0
0.244080 0
0.243919 0
0.243619 0
0.243452 0
0.243289 0
0.243135 0
0.242974 0
0.242817 0
0.242659 0
0.242500 0
0.242340 0
0.242175 0
0.242010 0
0.241853 0
0.241698 0
0.241547 0
0.241386 0
0.241223 0
0.241065 0
0.240727 0
0.240572 0
0.240434 0
0.240300 0
0.240152 0
0.239850 0
0.239690 0
0.239537 0
0.239394 0
0.239249 0
0.239090 0
0.238937 0
0.238766 0
0.238589 0
0.238436 0
0.238269 0
0.238127 0
0.237980 0
0.237822 0
0.237657 0
0.237519 0
0.237344 0
0.237211 0
0.237062 0
0.236921 0
0.236752 0
0.236575 0
0.236411 0
0.236248 0
0.236081 0
0.235920 0
0.235753 0
0.235597 0
0.235263 0
0.235110 0
0.234963 0
0.234832 0
0.234662 0
0.234489 0
0.234317 0
0.234137 0
0.233964 0
0.233815 0
0.233647 0
0.233473 0
0.233328 0
0.233165 0
0.233020 0
0.232857 0
0.232693 0
0.232544 0
0.232360 0
0.232193 0
0.232025 0
0.231855 0
0.231697 0
0.231546 0
0.231391 0
0.231241 0
0.231080 0
0.230914 0
0.230742 0
0.230613 0
0.230483 0
0.230321 0
0.230153 0
0.230014 0
0.229869 0
0.229707 0
0.229546 0
0.229401 0
0.229230 0
0.229068 0
0.228925 0
0.228756 0
0.228601 0
0.228445 0
0.228294 0
0.228131 0
0.227962 0
0.227805 0
0.227653 0
0.227520 0
0.227341 0
0.227191 0
0.227030 0
0.226887 0
0.226718 0
0.226576 0
0.226401 0
0.226234 0
0.226070 0
0.225911 0
0.225747 0
0.225581 0
0.225412 0
0.225244 0
0.225076 0
0.224931 0
0.224789 0
0.224467 0
0.224290 0
0.224123 0
0.223955 0
0.223809 0
0.223658 0
0.223501 0
0.223345 0
0.223180 0
0.223035 0
0.222873 0
0.222719 0
0.222543 0
0.222378 0
0.222224 0
0.222078 0
0.221915 0
0.221735 0
0.221594 0
0.221437 0
0.221269 0
0.221111 0
0.220973 0
0.220814 0
0.220676 0
0.220529 0
0.220374 0
0.220214 0
0.220047 0
0.219887 0
0.219743 0
0.219568 0
0.219419 0
0.219254 0
0.219108 0
0.218938 0
0.218783 0
0.218618 0
0.218465 0
0.218297 0
0.218153 0
0.217986 0
0.217838 0
0.217676 0
0.217508 0
0.217345 0
0.217183 0
0.217031 0
0.216872 0
0.216733 0
0.216579 0
0.216418 0
0.216254 0
0.216104 0
0.215948 0
0.215794 0
0.215612 0
0.215484 0
0.215316 0
0.215144 0
0.214982 0
0.214835 0
0.214657 0
0.214500 0
0.214332 0
0.214159 0
0.213996 0
0.213841 0
0.213687 0
0.213549 0
0.213395 0
0.213226 0
0.213064 0
0.212924 0
0.212771 0
0.212603 0
0.212473 0
0.212308 0
0.212163 0
0.212014 0
0.211871 0
0.211707 0
0.211549 0
0.211389 0
0.211239 0
0.211088 0
0.210936 0
0.210790 0
0.210618 0
0.210450 0
0.210304 0
0.210147 0
0.209979 0
0.209829 0
0.209666 0
0.209510 0
0.209347 0
0.209189 0
0.209040 0
0.208887 0
0.208738 0
0.208574 0
0.208412 0
0.208264 0
0.208093 0
0.207929 0
0.207760 0
0.207593 0
0.207427 0
0.207255 0
0.207106 0
0.206932 0
0.206769 0
0.206628 0
0.206467 0
0.206296 0
0.206148 0
0.205985 0
0.205829 0
0.205656 0
0.205503 0
0.205356 0
0.205198 0
0.205045 0
0.204877 0
0.204730 0
0.204563 0
0.204401 0
0.204256 0
0.204102 0
0.203930 0
0.203773 0
0.203623 0
0.203464 0
0.203302 0
0.203163 0
0.202999 0
0.202834 0
0.202670 0
0.202510 0
0.202356 0
0.202193 0
0.202029 0
0.201866 0
0.201705 0
0.201524 0
0.201358 0
0.201227 0
0.201058 0
0.200921 0
0.200769 0
0.200623 0
0.200450 0
0.200283 0
0.200134 0
0.199984 0
0.199843 0
0.199673 0
0.199526 0
0.199376 0
0.199206 0
0.199036 0
0.198891 0
0.198742 0
0.198592 0
0.198415 0
0.198263 0
0.198108 0
0.197932 0
0.197769 0
0.197621 0
0.197456 0
0.197315 0
0.197156 0
0.196996 0
0.196837 0
0.196692 0
0.196549 0
0.196379 0
0.196225 0
0.196077 0
0.195917 0
0.195744 0
0.195584 0
0.195415 0
0.195274 0
0.195102 0
0.194933 0
0.194763 0
0.194608 0
0.194439 0
0.194283 0
0.194129 0
0.193957 0
0.193803 0
0.193642 0
0.193479 0
0.193323 0
0.193151 0
0.192988 0
0.192806 0
0.192664 0
0.192516 0
0.192375 0
0.192207 0
0.192041 0
0.191882 0
0.191741 0
0.191569 0
0.191241 0
0.191082 0
0.190907 0
0.190742 0
0.190571 0
0.190429 0
0.190259 0
0.190119 0
0.189957 0
0.189804 0
0.189649 0
0.189496 0
0.189351 0
0.189196 0
0.189012 0
0.188857 0
0.188703 0
0.188549 0
0.188391 0
0.188241 0
0.188097 0
0.187946 0
0.187791 0
0.187629 0
0.187494 0
0.187320 0
0.187152 0
0.186981 0
0.186834 0
0.186701 0
0.186558 0
0.186401 0
0.186228 0
0.186080 0
0.185920 0
0.185751 0
0.185575 0
0.185413 0
0.185266 0
0.185090 0
0.184927 0
0.184765 0
0.184624 0
0.184481 0
0.184316 0
0.184171 0
0.184004 0
0.183858 0
0.183717 0
0.183573 0
0.183411 0
0.183249 0
0.183091 0
0.182927 0
0.182746 0
0.182575 0
0.182417 0
0.182254 0
0.182075 0
0.181912 0
0.181755 0
0.181589 0
0.181434 0
0.181269 0
0.181108 0
0.180955 0
0.180800 0
0.180633 0
0.180461 0
0.180302 0
0.180150 0
0.179991 0
0.179824 0
0.179678 0
0.179519 0
0.179383 0
0.179227 0
0.179050 0
0.178888 0
0.178708 0
0.178559 0
0.178395 0
0.178229 0
0.178077 0
0.177942 0
0.177805 0
0.177653 0
0.177474 0
0.177305 0
0.177176 0
0.177019 0
0.176876 0
0.176731 0
0.176561 0
0.176388 0
0.176232 0
0.176075 0
0.175917 0
0.175778 0
0.175614 0
0.175453 0
0.175297 0
0.175149 0
0.174988 0
0.174843 0
0.174689 0
0.174541 0
0.174378 0
0.174197 0
0.174018 0
0.173870 0
0.173722 0
0.173580 0
0.173418 0
0.173245 0
0.173107 0
0.172931 0
0.172784 0
0.172637 0
0.172495 0
0.172322 0
0.172152 0
0.171973 0
0.171811 0
0.171659 0
0.171498 0
0.171337 0
0.171179 0
0.171012 0
0.170838 0
0.170687 0
0.170536 0
0.170383 0
0.170223 0
0.170080 0
0.169942 0
0.169787 0
0.169648 0
0.169482 0
0.169323 0
0.169144 0
0.168973 0
0.168819 0
0.168649 0
0.168481 0
0.168318 0
0.168199 0
0.168044 0
0.167904 0
0.167740 0
0.167591 0
0.167425 0
0.167275 0
0.167145 0
0.166972 0
0.166803 0
0.166652 0
0.166487 0
0.166319 0
0.166164 0
0.166032 0
0.165891 0
0.165723 0
0.165566 0
0.165403 0
0.165235 0
0.165092 0
0.164933 0
0.164788 0
0.164635 0
0.164467 0
0.164298 0
0.164127 0
0.163986 0
0.163818 0
0.163686 0
0.163518 0
0.163341 0
0.163180 0
0.163039 0
0.162885 0
0.162725 0
0.162564 0
0.162230 0
0.162065 0
0.161924 0
0.161759 0
0.161610 0
0.161441 0
0.161296 0
0.161124 0
0.160993 0
0.160840 0
0.160687 0
0.160539 0
0.160373 0
0.160239 0
0.160070 0
0.159897 0
0.159734 0
0.159572 0
0.159407 0
0.159256 0
0.159080 0
0.158927 0
0.158759 0
0.158593 0
0.158428 0
0.158291 0
0.158134 0
0.157973 0
0.157798 0
0.157635 0
0.157461 0
0.157321 0
0.157174 0
0.157013 0
0.156858 0
0.156689 0
0.156548 0
0.156379 0
0.156228 0
0.156059 0
0.155877 0
0.155716 0
0.155547 0
0.155381 0
0.155215 0
0.155061 0
0.154891 0
0.154729 0
0.154562 0
0.154402 0
0.154235 0
0.154083 0
0.153948 0
0.153788 0
0.153630 0
0.153455 0
0.153301 0
0.153130 0
0.152978 0
0.152823 0
0.152694 0
0.152526 0
0.152353 0
0.152192 0
0.152031 0
0.151867 0
0.151715 0
0.151550 0
0.151370 0
0.151218 0
0.151046 0
0.150900 0
0.150726 0
0.150568 0
0.150407 0
0.150278 0
0.150112 0
0.149936 0
0.149792 0
0.149625 0
0.149465 0
0.149317 0
0.149170 0
0.149018 0
0.148862 0
0.148692 0
0.148513 0
0.148360 0
0.148222 0
0.148077 0
0.147910 0
0.147727 0
0.147568 0
0.147404 0
0.147261 0
0.147091 0
0.146935 0
0.146775 0
0.146625 0
0.146463 0
0.146333 0
0.146175 0
0.145997 0
0.145834 0
0.145695 0
0.145535 0
0.145368 0
0.145197 0
0.145025 0
0.144853 0
0.144710 0
0.144531 0
0.144378 0
0.144234 0
0.144059 0
0.143896 0
0.143719 0
0.143555 0
0.143384 0
0.143217 0
0.143043 0
0.142896 0
0.142717 0
0.142544 0
0.142382 0
0.142227 0
0.142054 0
0.141898 0
0.141741 0
0.141581 0
0.141414 0
0.141269 0
0.141104 0
0.140951 0
0.140803 0
0.140635 0
0.140473 0
0.140309 0
0.140171 0
0.139998 0
0.139860 0
0.139688 0
0.139524 0
0.139352 0
0.139196 0
0.139044 0
0.138885 0
0.138735 0
0.138562 0
0.138408 0
0.138237 0
0.138089 0
0.137946 0
0.137780 0
0.137611 0
0.137448 0
0.137274 0
0.137103 0
0.136937 0
0.136778 0
0.136632 0
0.136463 0
0.136291 0
0.136132 0
0.135960 0
0.135798 0
0.135632 0
0.135461 0
0.135318 0
0.135157 0
0.135010 0
0.134851 0
0.134669 0
0.134498 0
0.134356 0
0.134195 0
0.134023 0
0.133863 0
0.133701 0
0.133541 0
0.133383 0
0.133216 0
0.133054 0
0.132899 0
0.132747 0
0.132563 0
0.132429 0
0.132266 0
0.132101 0
0.131928 0
0.131770 0
0.131624 0
0.131466 0
0.131301 0
0.131134 0
0.130975 0
0.130801 0
0.130637 0
0.130471 0
0.130302 0
0.130139 0
0.129968 0
0.129795 0
0.129631 0
0.129489 0
0.129322 0
0.129167 0
0.129008 0
0.128831 0
0.128667 0
0.128492 0
0.128323 0
0.128177 0
0.128021 0
0.127841 0
0.127683 0
0.127546 0
0.127400 0
0.127242 0
0.127086 0
0.126925 0
0.126767 0
0.126593 0
0.126439 0
0.126297 0
0.126134 0
0.125980 0
0.125830 0
0.125666 0
0.125526 0
0.125383 0
0.125239 0
0.125072 0
0.124922 0
0.124779 0
0.124617 0
0.124450 0
0.124279 0
0.124114 0
0.123967 0
0.123818 0
0.123650 0
0.123483 0
0.123317 0
0.123151 0
0.122986 0
0.122828 0
0.122664 0
0.122506 0
0.122348 0
0.122200 0
0.122064 0
0.121899 0
0.121735 0
0.121573 0
0.121423 0
0.121259 0
0.121094 0
0.120948 0
0.120796 0
0.120628 0
0.120484 0
0.120322 0
0.120148 0
0.119986 0
0.119815 0
0.119640 0
0.119478 0
0.119308 0
0.119171 0
0.119014 0
0.118844 0
0.118676 0
0.118520 0
0.118373 0
0.118197 0
0.118048 0
0.117882 0
0.117704 0
0.117548 0
0.117395 0
0.117227 0
0.117071 0
0.116927 0
0.116767 0
0.116608 0
0.116461 0
0.116297 0
0.116150 0
0.115981 0
0.115805 0
0.115631 0
0.115461 0
0.115302 0
0.115144 0
0.114989 0
0.114825 0
0.114653 0
0.114493 0
0.114318 0
0.114165 0
0.114003 0
0.113848 0
0.113691 0
0.113527 0
0.113399 0
0.113251 0
0.113097 0
0.112935 0
0.112769 0
0.112593 0
0.112414 0
0.112266 0
0.112100 0
0.111947 0
0.111802 0
0.111640 0
0.111462 0
0.111308 0
0.111146 0
0.111000 0
0.110821 0
0.110654 0
0.110480 0
0.110317 0
0.110155 0
0.109979 0
0.109808 0
0.109632 0
0.109469 0
0.109316 0
0.109139 0
0.108972 0
0.108826 0
0.108653 0
0.108488 0
0.108321 0
0.108157 0
0.107999 0
0.107834 0
0.107668 0
0.107507 0
0.107333 0
0.107160 0
0.106989 0
0.106823 0
0.106673 0
0.106519 0
0.106364 0
0.106200 0
0.106058 0
0.105903 0
0.105734 0
0.105559 0
0.105395 0
0.105228 0
0.105058 0
0.104893 0
0.104722 0
0.104552 0
0.104379 0
0.104215 0
0.104038 0
0.103879 0
0.103743 0
0.103596 0
0.103429 0
0.103278 0
0.103113 0
0.102945 0
0.102777 0
0.102608 0
0.102448 0
0.102308 0
0.102166 0
0.101989 0
0.101809 0
0.101641 0
0.101466 0
0.101293 0
0.101130 0
0.100979 0
0.100805 0
0.100634 0
0.100474 0
0.100317 0
0.100157 0
0.100003 0
0.099856 0
0.099705 0
0.099531 0
0.099366 0
0.099196 0
0.099024 0
0.098852 0
0.098683 0
0.098532 0
0.098371 0
0.098217 0
0.098047 0
0.097874 0
0.097696 0
0.097523 0
0.097350 0
0.097192 0
0.097032 0
0.096883 0
0.096719 0
0.096557 0
0.096411 0
0.096244 0
0.096072 0
0.095921 0
0.095761 0
0.095589 0
0.095419 0
0.095255 0
0.095091 0
0.094917 0
0.094747 0
0.094601 0
0.094436 0
0.094275 0
0.094137 0
0.093986 0
0.093815 0
0.093662 0
0.093528 0
0.093382 0
0.093223 0
0.093053 0
0.092901 0
0.092728 0
0.092600 0
0.092451 0
0.092293 0
0.092126 0
0.091972 0
0.091825 0
0.091662 0
0.091509 0
0.091363 0
0.091195 0
0.091048 0
0.090892 0
0.090728 0
0.090585 0
0.090414 0
0.090243 0
0.090089 0
0.089926 0
0.089757 0
0.089587 0
0.089425 0
0.089251 0
0.089106 0
0.088936 0
0.088780 0
0.088612 0
0.088467 0
0.088291 0
0.088136 0
0.087986 0
0.087827 0
0.087650 0
0.087505 0
0.087333 0
0.087170 0
0.087004 0
0.086843 0
0.086685 0
0.086524 0
0.086371 0
0.086205 0
0.086065 0
0.085915 0
0.085748 0
0.085573 0
0.085417 0
0.085252 0
0.085101 0
0.084946 0
0.084783 0
0.084633 0
0.084456 0
0.084292 0
0.084132 0
0.083981 0
0.083827 0
0.083680 0
0.083524 0
0.083371 0
0.083207 0
0.083033 0
0.082871 0
0.082697 0
0.082545 0
0.082360 0
0.082189 0
0.082024 0
0.081849 0
0.081697 0
0.081537 0
0.081367 0
0.081212 0
0.081041 0
0.080875 0
0.080740 0
0.080593 0
0.080446 0
0.080315 0
0.080155 0
0.080008 0
0.079843 0
0.079691 0
0.079551 0
0.079386 0
0.079227 0
0.079082 0
0.078920 0
0.078746 0
0.078574 0
0.078400 0
0.078251 0
0.078106 0
0.077945 0
0.077781 0
0.077611 0
0.077445 0
0.077287 0
0.077117 0
0.076954 0
0.076784 0
0.076615 0
0.076494 0
0.076336 0
0.076195 0
0.076043 0
0.075889 0
0.075743 0
0.075572 0
0.075409 0
0.075242 0
0.075089 0
0.074944 0
0.074778 0
0.074618 0
0.074474 0
0.074313 0
0.074144 0
0.073966 0
0.073828 0
0.073670 0
0.073505 0
0.073342 0
0.073208 0
0.073046 0
0.072919 0
0.072757 0
0.072608 0
0.072444 0
0.072273 0
0.072103 0
0.071947 0
0.071778 0
0.071611 0
0.071440 0
0.071263 0
0.071109 0
0.070952 0
0.070798 0
0.070627 0
0.070457 0
0.070306 0
0.070150 0
0.069979 0
0.069809 0
0.069651 0
0.069482 0
0.069334 0
0.069176 0
0.069030 0
0.068879 0
0.068737 0
0.068586 0
0.068412 0
0.068271 0
0.068112 0
0.067944 0
0.067784 0
0.067624 0
0.067468 0
0.067299 0
0.067149 0
0.066990 0
0.066834 0
0.066661 0
0.066485 0
0.066327 0
0.066165 0
0.066003 0
0.065849 0
0.065681 0
0.065518 0
0.065359 0
0.065198 0
0.065030 0
0.064863 0
0.064701 0
0.064542 0
0.064379 0
0.064209 0
0.064054 0
0.063881 0
0.063713 0
0.063566 0
0.063400 0
0.063234 0
0.063067 0
0.062892 0
0.062727 0
0.062560 0
0.062393 0
0.062239 0
0.062073 0
0.061901 0
0.061753 0
0.061586 0
0.061431 0
0.061266 0
0.061105 0
0.060931 0
0.060759 0
0.060588 0
0.060435 0
0.060266 0
0.060105 0
0.059944 0
0.059780 0
0.059620 0
0.059453 0
0.059288 0
0.059135 0
0.058969 0
0.058811 0
0.058656 0
0.058513 0
0.058338 0
0.058179 0
0.058006 0
0.057844 0
0.057665 0
0.057514 0
0.057355 0
0.057181 0
0.057020 0
0.056858 0
0.056694 0
0.056524 0
0.056349 0
0.056172 0
0.055813 0
0.055650 0
0.055468 0
0.055312 0
0.055138 0
0.054964 0
0.054790 0
0.054626 0
0.054464 0
0.054296 0
0.054128 0
0.053961 0
0.053811 0
0.053654 0
0.053485 0
0.053325 0
0.053148 0
0.052987 0
0.052830 0
0.052660 0
0.052501 0
0.052335 0
0.052168 0
0.052001 0
0.051839 0
0.051672 0
0.051510 0
0.051335 0
0.051173 0
0.051001 0
0.050832 0
0.050665 0
0.050503 0
0.050326 0
0.050156 0
0.050000 0
